#------------------------------------------------------------------------------		
#		
# GENERIC WORDS, sorted alphabetically		
#		
#------------------------------------------------------------------------------		
		
action	Action	Aktion
actions	Actions	Aktionen
active	Active	Aktiv
activate	Activate	aktivieren Sie
add_verb	Add	Hinzufügen
admin	Admin	Administrator
after	After	Nach dem
apply	Apply	Anwenden
all	All	Alle
and	And	Und
anonymous	Anonymous	Anonym
any	Any	Irgendein
ascending	Ascending	Aufsteigend
assignee	Assignee	Zessionar
author	Author	Autor
billion	Billion	Milliarde
bitbucket	Bitbucket	Bit Bucket
back	Back	Zurück
backup	Backup	Sicherungskopie
backup_verb	Back up	untermauern
best	Best	Beste
beta	BETA	BETA
blocker	Blocker	Blocker
bold	Bold	Fett gedruckt
branch	Branch	Ast
by_	by	durch
calendar	Calendar	Kalender
cancel	Cancel	Stornieren
category	Category	Kategorie
changelog	Changelog	Änderungsprotokoll
change_verb	Change	Veränderung
class	Class	Klasse
classes	Classes	Klassen
close	Close	Schließen
closed	Closed	Geschlossen
code	Code	Code
color	Color	Farbe
collapse_all	Collapse all	alles schließen
compare	Compare	Vergleichen Sie
component	Component	Komponente
configure	Configure	Konfigurieren
confirm	Confirm	Bestätigen
continue	Continue	Fortsetzen
copy	Copy	Kopieren
create	Create	Erstellen
create_new_element	Create new element	Neues Element anlegen
created	Created	Erstellt
created_on	Created on	Erstellt am
critical	Critical	Kritisch
current	current	Strom
current_noun	Current	Strom
customize	Customize	Anpassen
date	Date	Datum
days	Days	Tage
default	Default	Standard
delete	Delete	Löschen
deprecated	Deprecated	Veraltete
descending	Descending	Absteigend
description	Description	Beschreibung
directories	Directories	Verzeichnisse
directory	Directory	Verzeichnis
dismiss	Dismiss	Entlassen
dismiss_permanently	Dismiss permanently	entlassen dauerhaft
display	Display	Anzeige
download_verb	Download	Herunterladen
duplications	Duplications	Vervielfältigungen
end_date	End Date	Endtermin
edit	Edit	Bearbeiten
events	Events	Veranstaltungen
example	Example	Beispiel
expand_all	Expand all	Alle erweitern
explore	Explore	Erkunden
extend	Extend	Erweitern
FALSE	FALSE	FALSCH
favorite	Favorite	Favorit
field_required	This field is required	Dieses Feld wird benötigt
fields_marked_with_x_required	All fields marked with {star} are required	Alle Felder mit {} Stern gekennzeichneten Felder sind Pflicht
file	File	Datei
files	Files	Dateien
filters	Filters	Filter
follow	Follow	Folgen
format	Format	Format
from	From	Von
global	Global	weltweit
github	GitHub	GitHub
help	Help	Hilfe
here	here	Hier
hide	Hide	Ausblenden
inactive	Inactive	Inaktiv
info	Info	Die Info
issue	Issue	Problem
issues	Issues	Probleme
inheritance	Inheritance	Erbe
internal	internal	intern
key	Key	Schlüssel
language	Language	Sprache
last_analysis	Last Analysis	Letzte Analyse
learn_more	Learn More	Erfahren Sie mehr
library	Library	Bibliothek
line_number	Line Number	Zeilennummer
links	Links	Links
list_of_issues	List of issues	Liste der Probleme
list_of_projects	List of projects	Liste der Projekte
load_more	Load more	Mehr laden
load_verb	Load	Belastung
login	Login	Anmeldung
major	Major	Haupt
manual	Manual	Handbuch
max	Max	Max
max_results_reached	Only the first {0} results are displayed	Nur die ersten {0} Ergebnisse werden angezeigt
me	Me	Mich
members	Members	Mitglieder
min	Min	Mindest
minor	Minor	Geringer
more	More	Mehr
more_x	{0} more	{0} mehr
more_actions	More Actions	Mehr Aktionen
my_issues	My Issues	Meine Fragen
my_favorite	My Favorite	My Favorite
my_favorites	My Favorites	Meine Favoriten
my_projects	My Projects	Meine Projekte
name	Name	Name
navigation	Navigation	Navigation
never	Never	noch nie
new	New	Neu
new_name	New name	Neuer Name
none	None	Keiner
no_tags	No tags	Keine Tags
not_now	Not now	Nicht jetzt
off	Off	aus
on	On	Auf
or	Or	Oder
open	Open	Öffnen
optional	Optional	Optional
order	Order	Auftrag
owner	Owner	Inhaber
parameters	Parameters	Parameter
password	Password	Passwort
path	Path	Pfad
permalink	Permanent Link	Permanenter Link
plugin	Plugin	Plugin
project	Project	Projekt
project_x	Project: {0}	Projekt: {0}
projects	Projects	Projekte
projects_	project(s)	Projekt (e)
x_projects_	{0} project(s)	{0} Projekt (e)
project_singular	project	Projekt
project_plural	projects	Projekte
projects_management	Projects Management	Projektmanagement
quality_profile	Quality Profile	Qualitätsprofil
raw	Raw	Roh
recent_history	Recent History	Neuere Geschichte
recently_browsed	Recently Browsed	Kürzlich durchstöbert
recommended	Recommended	Empfohlen
refresh	Refresh	Aktualisierung
reload	Reload	Neu laden
remove	Remove	Entfernen
rename	Rename	Umbenennen
reset_verb	Reset	Reset
reset_to_default	Reset To Default	Zurücksetzen
resolution	Resolution	Auflösung
restart	Restart	Neu starten
restore	Restore	Wiederherstellen
result	Result	Ergebnis
results	Results	Ergebnisse
x_results	{0} results	{0} Ergebnisse
review	Review	Rezension
rule	Rule	Regel
rules	Rules	Regeln
save	Save	speichern
search_results	Search results	Suchergebnisse
search_verb	Search	Suche
see_all	See all	Alles sehen
see_x	See {0}	Siehe {0}
select_verb	Select	Wählen
selected	Selected	Ausgewählt
set	Set	einstellen
set_up	Set Up	Konfiguration
severity	Severity	Schwere
shared	Shared	Geteilt
start_date	Start Date	Anfangsdatum
x_show	{0} shown	{0} gezeigt,
x_selected	{0} selected	{0}, ausgewählt
x_of_y_shown	{0} of {1} shown	{0} von {1} gezeigt,
size	Size	Größe
skip	Skip	Überspringen
skip_to_content	Skip to main content	Direkt zum Inhalt
status	Status	Status
support	Support	Unterstützung
table	Table	Tabelle
tags	Tags	Stichworte
tags_list_x	Tags list: {0}	Tags Liste: {0}
technical_debt	Technical Debt	Technische Schulden
template	Template	Vorlage
title	Title	Titel
to	To	Zu
to_	to	zu
total	Total	Gesamt
treemap	Treemap	Treemap
TRUE	TRUE	WAHR
type	Type	Art
unassigned	Not assigned	Nicht zugeordnet
unit_test	Unit test	Gerätetest
unit_tests	Unit tests	Unit-Tests
unknown	Unknown	Unbekannt
unresolved	Unresolved	Ungelöst
updated	Updated	Aktualisiert
updated_on	Updated on	Aktualisiert am
update_verb	Update	Aktualisieren
updating	Updating	Aktualisierung
unselected	Unselected	Unselected
user	User	Benutzer
value	Value	Wert
variation	Variation	Variation
version	Version	Ausführung
view	View	Aussicht
views	Views	Ansichten
violations	Violations	Verletzungen
visibility	Visibility	Sichtweite
warnings	Warnings	Warnungen
with	With	Mit
worst	Worst	Am schlimmsten
yes	Yes	Ja
no	No	Nein
		
		
		
#------------------------------------------------------------------------------		
#		
# GENERIC EXPRESSIONS, sorted alphabetically		
#		
#------------------------------------------------------------------------------		
		
404_not_found	404 Not found	404 Nicht gefunden
address_mistyped_or_page_moved	You may have mistyped the address or the page may have moved.	Sie können die Adresse falsch eingegeben haben oder die Seite verschoben haben.
and_worse	and worse	und schlimmer
are_you_sure	Are you sure?	Bist du sicher?
as_explained_here	as explained here	wie hier erklärt
assigned_to	Assigned to	Zugewiesen an
bulk_change	Bulk Change	Massenänderung
bulleted_point	Bulleted point	Aufzählungspunkt
clear	Clear	klar
clear_all_filters	Clear All Filters	Alle Filter
coding_rules	Rules	Regeln
copy_to_clipboard	Click to copy to Clipboard	Klicken Sie auf Zwischenablage kopieren
copied_action	Copied to Clipboard	In die Zwischenablage kopiert
created_by	Created by	Erstellt von
default_error_message	The request cannot be processed. Try again later.	Die Anforderung kann nicht verarbeitet werden. Versuchen Sie es später noch einmal.
default_severity	Default severity	Standard Schwere
edit_permissions	Edit Permissions	Berechtigungen bearbeiten
facet_might_have_more_results	There might be more results, try another set of filters to see them.	Es könnten weitere Ergebnisse sein, versuchen Sie einen anderen Satz von Filtern sie zu sehen.
false_positive	False positive	falsch positive
go_back_to_homepage	Go back to the homepage	Zurück zur Startseite
last_analysis_before	Last analysis before	Letzte Analyse vor
less_than_1_hour_ago	< 1 hour ago	<1 Stunde vor
logging_out	You're logging out, please wait...	Sie sind sich abzumelden, bitte warten ...
manage	Manage	Verwalten
management	Management	Verwaltung
more_information	More information	Mehr Informationen
new_violations	New violations	neue Verletzungen
new_window	New window	Neues Fenster
no_data	No data	Keine Daten
no_results	No results	Keine Ergebnisse
no_results_for_x	No results for "{0}"	Keine Ergebnisse für „{0}“
no_results_search	We couldn't find any results matching selected criteria.	Wir konnten keine Ergebnisse passend zu den ausgewählten Kriterien finden.
no_results_search.favorites	We couldn't find any results matching selected criteria in your favorites.	Wir konnten keine Ergebnisse passend ausgewählten Kriterien in Ihren Favoriten finden.
no_results_search.2	Try to change filters to get some results.	Versuchen Sie, ändern Filter einige Ergebnisse zu erhalten.
no_results_search.favorites.2	Would you like to search among {url} projects?	Möchten Sie unter {url} Projekte suchen?
page_extension_failed	Page extension failed.	Erweiterung auf der Seite ist fehlgeschlagen.
page_not_found	The page you were looking for does not exist.	Die Seite, die Sie suchen ist nicht vorhanden.
please_contact_administrator	Please contact the instance administrator.	Bitte kontaktieren Sie den Instanz-Administrator.
set_as_default	Set as Default	Als Standard festlegen
short_number_suffix.g	G	G
short_number_suffix.k	k	k
short_number_suffix.m	M	M
show_less	Show Less	Zeige weniger
show_more	Show More	Zeig mehr
show_all	Show All	Zeige alles
show_them	Show Them	Zeig's ihnen
should_be_unique	Should be unique	Sollte eindeutig sein
since_x	since {0}	seit {0}
since_version	since version {0}	seit Version {0}
since_version.short	{0}	{0}
since_version_detailed	since version {0} ({1})	seit Version {0} ({1})
since_version_detailed.short	{0} ({1})	{0} ({1})
since_previous_version	since previous version	seit der letzten Version
since_previous_version.short	\u0394 version	\ U0394 Version
since_previous_version_detailed	since previous version ({0} - {1})	seit der letzten Version ({0} - {1})
since_previous_version_with_only_date	since previous version ({0})	seit der letzten Version ({0})
since_previous_version_detailed.short	\u0394 version ({0})	\ U0394 Version ({0})
this_name_is_already_taken	This name is already taken.	Dieser Name ist bereits vergeben.
update_details	Update details	Details zum Update
work_duration.x_days	{0}d	{0} d
work_duration.x_hours	{0}h	{0} h
work_duration.x_minutes	{0}min	{0} min
work_duration.about	~ {0}	\ {0}
		
		
#------------------------------------------------------------------------------		
#		
# CALENDAR		
#		
#------------------------------------------------------------------------------		
		
Done	Done	Getan
Prev	Prev	Zurück
Next	Next	Nächster
Today	Today	Heute
January	January	Januar
February	February	Februar
March	March	März
April	April	April
May	May	Kann
June	June	Juni
July	July	Juli
August	August	August
September	September	September
October	October	Oktober
November	November	November
December	December	Dezember
Jan	Jan	Jan
Feb	Feb	Februar
Mar	Mar	Beschädigen
Apr	Apr	April
Jun	Jun	Juni
Jul	Jul	Juli
Aug	Aug	August
Sep	Sep	September
Oct	Oct	Oktober
Nov	Nov	November
Dec	Dec	Dezember
Sunday	Sunday	Sonntag
Monday	Monday	Montag
Tuesday	Tuesday	Dienstag
Wednesday	Wednesday	Mittwoch
Thursday	Thursday	Donnerstag
Friday	Friday	Freitag
Saturday	Saturday	Samstag
Sun	Sun	Sonne
Mon	Mon	Mon
Tue	Tue	Di
Wed	Wed	Heiraten
Thu	Thu	Thu
Fri	Fri	Fr
Sat	Sat	Sa
Su	Su	Su
Mo	Mo	Mo
Tu	Tu	Tu
We	We	Wir
Th	Th	th
Fr	Fr	Fr
Sa	Sa	Sa
		
#------------------------------------------------------------------------------		
#		
# ALM		
#		
#------------------------------------------------------------------------------		
		
alm.azure	Azure DevOps	Azure DevOps
alm.azure.short	Azure DevOps	Azure DevOps
alm.bitbucket	Bitbucket	Bit Bucket
alm.bitbucket.short	Bitbucket	Bit Bucket
alm.github	GitHub	GitHub
alm.github.short	GitHub	GitHub
alm.gitlab	GitLab	Gitlab
alm.gitlab.short	GitLab	Gitlab
		
#------------------------------------------------------------------------------		
#		
# RESOURCE QUALIFIERS		
#		
#------------------------------------------------------------------------------		
		
qualifier.TRK	Project	Projekt
qualifier.BRC	Sub-project	Teilprojekt
qualifier.DIR	Directory	Verzeichnis
qualifier.PAC	Package	Paket
qualifier.VW	Portfolio	Mappe
qualifier.SVW	Portfolio	Mappe
qualifier.APP	Application	Anwendung
qualifier.FIL	File	Datei
qualifier.CLA	File	Datei
qualifier.UTS	Test File	Testdatei
qualifier.DEV	Developer	Entwickler
		
qualifier.configuration.TRK	Project Configuration	Projektkonfiguration
qualifier.configuration.VW	Portfolio Configuration	Portfolio-Konfiguration
qualifier.configuration.SVW	Portfolio Configuration	Portfolio-Konfiguration
qualifier.configuration.APP	Application Configuration	Anwendungskonfiguration
		
qualifiers.TRK	Projects	Projekte
qualifiers.BRC	Sub-projects	Teilprojekte
qualifiers.DIR	Directories	Verzeichnisse
qualifiers.PAC	Packages	Pakete
qualifiers.VW	Portfolios	Portfolios
qualifiers.SVW	Portfolios	Portfolios
qualifiers.APP	Applications	Anwendungen
qualifiers.FIL	Files	Dateien
qualifiers.CLA	Files	Dateien
qualifiers.UTS	Test Files	Testdateien
qualifiers.DEV	Developers	Entwickler
		
qualifiers.all.TRK	All Projects	alle Projekte
qualifiers.all.VW	All Portfolios	Alle Portfolios
qualifiers.all.DEV	All Developers	alle Entwickler
qualifiers.all.APP	All Applications	Alle Anwendungen
		
qualifiers.new.TRK	New Project	Neues Projekt
qualifiers.new.VW	New Portfolio	Neuer Portfolio
qualifiers.new.DEV	New Developer	Neuer Entwickler
qualifiers.new.APP	New Application	Neue Bewerbung
		
qualifier.delete.TRK	Delete Project	Projekt löschen
qualifier.delete.VW	Delete Portfolio	Löschen Portfolio
qualifier.delete.APP	Delete Application	Löschen Anwendungs
		
qualifiers.delete.TRK	Delete Projects	Löschen von Projekten
qualifiers.delete.VW	Delete Portfolios	Löschen Portfolios
qualifiers.delete.APP	Delete Applications	Löschen von Anwendungen
		
qualifier.delete_confirm.TRK	Do you want to delete this project?	Wollen Sie dieses Projekt löschen?
qualifier.delete_confirm.VW	Do you want to delete this portfolio?	Wollen Sie dieses Portfolio löschen?
qualifier.delete_confirm.APP	Do you want to delete this application?	Wollen Sie diese Anwendung löschen?
		
qualifiers.delete_confirm.TRK	Do you want to delete these projects?	Wollen Sie diese Projekte löschen?
qualifiers.delete_confirm.VW	Do you want to delete these portfolios?	Wollen Sie diese Portfolios löschen?
qualifiers.delete_confirm.APP	Do you want to delete these applications?	Wollen Sie diese Anwendungen löschen?
		
qualifiers.create.TRK	Create Project	erstellen eines Projekts
qualifiers.create.VW	Create Portfolio	erstellen Portfolio
qualifiers.create.DEV	Create Developer	erstellen Entwickler
qualifiers.create.APP	Create Application	Anwendung erstellen
		
qualifiers.update.VW	Update Portfolio	Update Portfolio
qualifiers.update.DEV	Update Developer	Update Entwickler
qualifiers.update.APP	Update Application	Update Application
		
qualifier.description.VW	Potentially multi-level, management-oriented overview aggregation.	Potenziell Multi-Level, managementorientierten Überblick Aggregation.
qualifier.description.SVW	Potentially multi-level, management-oriented overview aggregation.	Potenziell Multi-Level, managementorientierten Überblick Aggregation.
qualifier.description.APP	Single-level aggregation with a technical focus and a project-like homepage.	Einstufig Aggregation mit einem technischen Fokus und projekt wie Homepage.
		
#------------------------------------------------------------------------------		
#		
# PROJECT LINKS		
#		
#------------------------------------------------------------------------------		
		
project_links.homepage	Project's Website	Projekt-Website
project_links.ci	Continuous integration	Kontinuierliche Integration
project_links.issue	Bug Tracker	Bug Tracker
project_links.scm	Sources	Quellen
project_links.scm_ro	Read-only connection	Read-only-Verbindung
project_links.scm_dev	Developer connection	Entwickler-Verbindung
		
project_links.create_new_project_link	Create New Project Link	Neues Projekt erstellen Link-
project_links.delete_project_link	Delete Project Link	Löschen Projektlink
project_links.are_you_sure_to_delete_x_link	Are you sure you want to delete the "{0}" link?	Sind Sie sicher, dass Sie den „{0}“ Link löschen möchten?
project_links.name	Name	Name
project_links.url	URL	URL
		
		
#------------------------------------------------------------------------------		
#		
# EVENT CATEGORIES		
#		
#------------------------------------------------------------------------------		
		
event.category.All	All	Alle
event.category.VERSION	Version	Ausführung
event.category.QUALITY_GATE	Quality Gate	Qualität Tor
event.category.QUALITY_PROFILE	Quality Profile	Qualitätsprofil
event.category.DEFINITION_CHANGE	Definition Change	Definition ändern
event.category.OTHER	Other	Andere
event.quality_gate.still_x	Still {status}	Noch {status}
event.definition_change.added	{project} added	{} Projekt hinzugefügt
event.definition_change.removed	{project} removed	{} Projekt entfernt
event.definition_change.branch_added	{project} {branch} added	{Projekt} {} Zweig hinzugefügt
event.definition_change.branch_removed	{project} {branch} removed	{Projekt} {} Zweig entfernt
event.definition_change.branch_replaced	{project} {oldBranch} replaced with {newBranch}	{Projekt} {} oldBranch ersetzt mit {newBranch}
		
		
#------------------------------------------------------------------------------		
#		
# LAYOUT		
#		
#------------------------------------------------------------------------------		
		
layout.home	Home	Zuhause
layout.login	Log in	Einloggen
layout.logout	Log out	Ausloggen
layout.measures	Measures	Maße
layout.settings	Administration	Verwaltung
layout.security_hotspots	Security Hotspots	Sicherheits Hotspots
layout.settings.TRK	Project Settings	Projekt Einstellungen
layout.settings.APP	Application Settings	Anwendungseinstellungen
layout.settings.VW	Portfolio Settings	Portfolio-Einstellungen
layout.settings.SVW	Portfolio Settings	Portfolio-Einstellungen
layout.security_reports	Security Reports	Sicherheitsberichte
layout.sonar.slogan	Continuous Code Quality	Continuous-Code-Qualität
layout.must_be_configured	This will be available once your project is configured and analyzed.	Dies wird zur Verfügung stehen, sobald Ihr Projekt konfiguriert und analysiert.
		
sidebar.projects	Projects	Projekte
sidebar.project_settings	Configuration	Aufbau
sidebar.security	Security	Sicherheit
sidebar.system	System	System
sidebar.tools	Tools	Werkzeuge
		
		
#------------------------------------------------------------------------------		
#		
# VISIBILITY		
#		
#------------------------------------------------------------------------------		
		
visibility.both	Public, Private	Öffentlich, Privat
visibility.public	Public	Öffentlichkeit
visibility.public.description.TRK	This project is public. Anyone can browse and see the source code.	Dieses Projekt ist öffentlich. Jeder kann den Quellcode sehen und sehen.
visibility.public.description.VW	This portfolio is public. Anyone can browse it.	Dieses Portfolio ist öffentlich. Jeder kann es sehen.
visibility.public.description.APP	This application is public. Anyone can browse it.	Diese Anwendung ist öffentlich. Jeder kann es sehen.
visibility.public.description.short	Anyone can browse and see the source code.	Jeder kann den Quellcode sehen und sehen.
visibility.public.description.long	Anyone will be able to browse your source code and see the result of your analysis.	Jeder kann den Quellcode durchsuchen und das Ergebnis der Analyse zu sehen.
visibility.private	Private	Privatgelände
visibility.private.description.TRK	This project is private. Only authorized users can browse and see the source code.	Dieses Projekt ist privat. Nur autorisierte Benutzer können durchsuchen und den Quellcode sehen.
visibility.private.description.VW	This portfolio is private. Only authorized users can browse it.	Dieses Portfolio ist privat. Nur autorisierte Benutzer können es sehen.
visibility.private.description.APP	This application is private. Only authorized users can browse it.	Diese Anwendung ist privat. Nur autorisierte Benutzer können es sehen.
visibility.private.description.short	Only authorized users can browse and see the source code.	Nur autorisierte Benutzer können durchsuchen und den Quellcode sehen.
visibility.private.description.long	Only members of the organization will be able to browse your source code and see the result of your analysis.	Nur Mitglieder der Organisation werden in der Lage sein, den Quellcode zu durchsuchen und das Ergebnis der Analyse zu sehen.
		
		
#------------------------------------------------------------------------------		
#		
# ADMIN PAGE TITLES and descriptions		
#		
#------------------------------------------------------------------------------		
		
application_console.branches	Application Branches	Anwendung Branchen
application_console.branches.cancel	Cancel	Stornieren
application_console.branches.configuration	Branch configuration	Zweig Konfiguration
application_console.branches.create	Create branch	erstellen Zweig
application_console.branches.create.verb	Create	Erstellen
application_console.branches.create.help	For each project of your Application, choose a project branch that will be displayed inside the Application’s branch.	Für jedes Projekt Ihrer Anwendung, wählen Sie ein Projekt Zweig, der in der Anwendung der Filiale angezeigt.
application_console.branches.delete	Delete branch	Löschen Zweig
application_console.branches.delete.warning_x	Are you sure you want to delete "{0}" ?	Sind Sie sicher, dass Sie löschen möchten „{0}“?
application_console.branches.help	Track branches other than the main branch of this application's projects.	Verfolgen Sie Zweige außer dem Hauptzweig der dieses Projekte der Anwendung.
application_console.branches.main_branch	Main Branch	Main Branch
application_console.branches.update	Update branch	Update Zweig
application_console.branches.update.verb	Update	Aktualisieren
application_console.branches.no_branches	No branches yet. You can create branches once projects are selected for this Application.	Keine Filialen vor. Sie können Zweige erstellen, sobald Projekte für diese Anwendung ausgewählt werden.
application_console.page	Edit Definition	Definition bearbeiten
application_console.delete_application	Delete Application	Löschen Anwendungs
application_console.recompute	Recompute	Recompute
application_console.refresh_started	Your application will be recomputed soon	Ihre Anwendung wird in Kürze neu berechnet
application_console.do_you_want_to_delete	Are you sure that you want to delete "{0}"?	Sind Sie sicher, dass Sie „{0}“ löschen?
coding_rules.page	Rules	Regeln
global_permissions.page	Global Permissions	globale Berechtigungen
global_permissions.page.description	Grant and revoke permissions to make changes at the global level. These permissions include editing Quality Profiles, executing analysis, and performing global system administration.	Erteilen und Entziehen von Berechtigungen auf globaler Ebene Änderungen vorzunehmen. Diese Berechtigungen umfassen die Bearbeitung Qualitätsprofile, Analyse ausführen und die Durchführung globaler Systemadministration.
roles.page	Project Permissions	Projekt Berechtigungen
roles.page.description2	Grant and revoke project-level permissions. Permissions can be granted to groups or individual users.	Erteilen und Entziehen Projektebene Berechtigungen. Berechtigungen können Gruppen oder einzelne Benutzer vergeben werden.
roles.page.description_portfolio	Grant and revoke portfolio-level permissions. Permissions can be granted to groups or individual users.	Erteilen und Entziehen Portfolio-Ebene-Berechtigungen. Berechtigungen können Gruppen oder einzelne Benutzer vergeben werden.
roles.page.description_application	Grant and revoke application-level permissions. Permissions can be granted to groups or individual users.	Erteilen und Entziehen Anwendungsebene Berechtigungen. Berechtigungen können Gruppen oder einzelne Benutzer vergeben werden.
project_settings.page	General Settings	Allgemeine Einstellungen
project_settings.page.description	Edit project settings.	Projekteinstellungen bearbeiten.
project_links.page	Links	Links
project_links.page.description	Edit some links associated with this project.	Bearbeiten Sie einige Links mit diesem Projekt verbunden sind.
projects_management.page.description	Use this page to delete multiple projects at once, or to provision projects if you would like to configure them before the first analysis. Note that once a project is provisioned, you have access to perform all project configurations on it.	Auf dieser Seite können mehrere Projekte auf einmal, oder zur Bereitstellung von Projekten löschen, wenn sie vor der ersten Analyse konfigurieren möchten. Beachten Sie, dass, sobald ein Projekt bereitgestellt wird, erhalten Sie Zugriff haben alle Projektkonfigurationen auf sie auszuführen.
settings.page	General Settings	Allgemeine Einstellungen
settings.page.description	Edit global settings for this {instance} instance.	Bearbeiten Sie globale Einstellungen für diese {instance} Instanz.
system_info.page	System Info	Systeminformationen
project_quality_profiles.page	Quality Profiles	Qualitätsprofile
project_quality_profiles.page.description	Choose which profile is associated with this project on a language-by-language basis.	Wählen Sie, welches Profil mit diesem Projekt auf eine Sprache-zu-Sprache Basis verbunden ist.
project_quality_gate.page	Quality Gate	Qualität Tor
project_quality_gate.page.description	Choose which quality gate is associated with this project.	Wählen Sie, welche Qualität Gate mit diesem Projekt verbunden ist.
update_key.page	Update Key	Update Key
update_key.page.description	Edit the key of a project. Key changes must be made here BEFORE analyzing the project with the new keys, otherwise the analysis will simply create another project with the new key, rather than updating the existing project.	Bearbeiten Sie den Schlüssel eines Projekts. Wesentliche Änderungen müssen hier vor der Analyse das Projekt mit den neuen Schlüssel vorgenommen werden, da sonst die Analyse einfach ein anderes Projekt mit dem neuen Schlüssel erstellen, anstatt das vorhandene Projekt zu aktualisieren.
deletion.page	Deletion	Streichung
project_deletion.page.description	Delete this project. The operation cannot be undone.	Löschen dieses Projekt. Der Vorgang kann rückgängig gemacht wird nicht.
portfolio_deletion.page.description	This portfolio and its sub-portfolios will be deleted. If this portfolio is referenced by other entities, it will be removed from them. Independent entities referenced by this portfolio, such as projects and other top-level portfolios will not be deleted. This operation cannot be undone.	Dieses Portfolio und seine Teilportfolios werden gelöscht. Wenn dieser Portfolio durch andere Einrichtungen verwiesen wird, wird es von ihnen entfernt werden. Unabhängige Einheiten dieses Portfolios verwiesen, wie Projekte und andere Top-Level-Portfolios werden nicht gelöscht. Dieser Vorgang kann rückgängig gemacht werden es nicht sein.
application_deletion.page.description	Delete this application. Application projects will not be deleted. Projects referenced by this application will not be deleted. This operation cannot be undone.	Löschen Sie diese Anwendung. Anwendungsprojekte werden nicht gelöscht. Projekte, die von dieser Anwendung verwiesen wird, nicht gelöscht werden. Dieser Vorgang kann rückgängig gemacht werden es nicht sein.
application.branches.help	Easily create Application branches composed of the branches of projects in your application.	Einfaches Erstellen von Zweigen Anwendung besteht aus den Zweigen von Projekten in Ihrer Anwendung.
application.branches.link	Create Branch	erstellen Ast
project_branch_pull_request.page	Branches & Pull Requests	Branchen & Pull Requests
project_branch_pull_request.lifetime_information	Branches and Pull Requests are permanently deleted after {days} days without analysis.	Zweige und Pull Requests werden dauerhaft gelöscht, nachdem {} Tage Tage ohne Analyse.
project_branch_pull_request.lifetime_information.admin	You can adjust this value globally in {settings}.	Sie können diesen Wert global in {} Einstellungen anpassen.
project_branch_pull_request.branch.rename	Rename branch	Rename Zweig
project_branch_pull_request.branch.delete	Delete branch	Löschen Zweig
project_branch_pull_request.branch.delete.are_you_sure	Are you sure you want to delete branch "{0}"?	Sind Sie sicher, verzweigen Sie löschen möchten „{0}“?
project_branch_pull_request.branch.auto_deletion.keep_when_inactive	Keep when inactive	Halten Sie, wenn inaktiv
project_branch_pull_request.branch.auto_deletion.keep_when_inactive.tooltip	When turned on, the branch will not be automatically deleted when inactive.	Wenn diese Funktion aktiviert, wird der Zweig nicht automatisch bei Inaktivität gelöscht werden.
project_branch_pull_request.branch.auto_deletion.main_branch_tooltip	The main branch is always excluded from automatic deletion.	Der Hauptarm wird immer von der automatischen Löschung ausgeschlossen.
project_branch_pull_request.pull_request.delete	Delete Pull Request	Delete-Pull-Request
project_branch_pull_request.pull_request.delete.are_you_sure	Are you sure you want to delete Pull Request "{0}"?	Sind Sie sicher, dass Sie Pull-Request löschen möchten „{0}“?
project_branch_pull_request.tabs.branches	Branches	Geäst
project_branch_pull_request.tabs.pull_requests	Pull Requests	Pull Requests
project_branch_pull_request.table.branch	Branch	Ast
project_branch_pull_request.table.pull_request	Pull Request	Pull-Request
project_branch_pull_request.last_analysis_date	Last Analysis Date	Letzte Analyse Datum
		
project_baseline.page	New Code	Neuer Code
project_baseline.page.description	Use this page to define the New Code of your project. {link}	Auf dieser Seite können Sie den neuen Code Ihres Projekts zu definieren. {Verknüpfung}
project_baseline.page.description.link	Learn More	Erfahren Sie mehr
project_baseline.page.description2	You can adjust this setting globally in {link}	Sie können diese Einstellung global in {link} anpassen
project_baseline.page.description2.link	General Settings	Allgemeine Einstellungen
project_baseline.default_setting	Project setting	Projekteinstellung
project_baseline.general_setting	Use the general setting	Verwenden Sie die allgemeine Einstellung
project_baseline.specific_setting	Define a specific setting for this project	Definieren Sie eine bestimmte Einstellung für dieses Projekt
project_baseline.configure_branches	Set a specific setting for a branch	Legen Sie eine bestimmte Einstellung für einen Zweig
		
baseline.previous_version	Previous version	Vorherige Version
baseline.previous_version.description	The New Code will be based on the analysis following the previous version.	Der neue Code wird auf der Analyse nach der vorherige Version basieren.
baseline.number_days	Number of days	Anzahl der Tage
baseline.number_days.description	A floating window set to a specific number of days used to define New Code.	Ein schwebendes Fenster Satz auf eine bestimmte Anzahl von Tagen verwendete Neuen Code zu definieren.
baseline.specific_analysis	Specific analysis	spezifische Analyse
baseline.specific_analysis.description	Choose an analysis as the baseline for the New Code.	Wählen Sie eine Analyse als Grundlage für den neuen Code.
baseline.reference_branch	Reference branch	Referenzzweig
		
baseline.reference_branch.description	Choose a branch as the reference for the New Code.	Wählen Sie einen Zweig als Referenz für den neuen Code.
baseline.reference_branch.description2	The branch you select as the reference branch will need its own New Code definition to prevent it from using itself as a reference.	Der Zweig Sie als Referenzzweig wählen wird seine eigene Neuer Code Definition müssen, damit er nicht selbst als Referenz verwendet.
		
baseline.specify_days	Specify a number of days	Geben Sie eine Anzahl von Tagen
baseline.last_analysis_before	Last analysis before	Letzte Analyse vor
baseline.next_analysis_notice	Changes will take effect after the next analysis	Die Änderungen werden erst wirksam, wenn die nächste Analyse
		
baseline.reference_branch.choose	Choose a branch	Wählen Sie einen Zweig
baseline.reference_branch.does_not_exist	Branch {0} could not be found in SonarQube.	Zweig {0} konnte nicht in Sonarqube gefunden werden.
baseline.reference_branch.cannot_be_itself	A branch cannot be used as its own reference branch	Ein Zweig kann nicht als seinen eigenen Referenzzweig verwendet werden
baseline.reference_branch.invalid_branch_setting	Branch {0} cannot use itself as a reference. Define a specific setting instead of using the project-level setting.	Zweig {0} kann sich nicht als Referenz verwenden. Definieren Sie eine bestimmte Einstellung anstelle der Verwendung der Projektebene Einstellung.
baseline.edit_branch_setting	Edit the branch's setting	Bearbeiten Sie die Einstellung der Niederlassung
		
branch_list.branch	Branch	Ast
branch_list.current_setting	Setting	Rahmen
branch_list.current_baseline	Current Baseline	aktuelle Basis
branch_list.actions	Actions	Aktionen
branch_list.default_setting	Project setting	Projekteinstellung
		
baseline.new_code_period_for_branch_x	New Code Period for {0}	Neuer Code Zeitraum für {0}
		
baseline.analysis_from	Analysis from:	Analyse von:
baseline.branch_analyses.ranges.30days	Last 30 days	Letzte 30 Tage
baseline.branch_analyses.ranges.allTime	All time	Jederzeit
baseline.no_analyses	No analyses	keine Analysen
		
#------------------------------------------------------------------------------		
#		
# OTHER PAGE TITLES		
#		
#------------------------------------------------------------------------------		
		
overview.page	Overview	Überblick
code.page	Code	Code
permissions.page	Permissions	Berechtigungen
quality_profiles.page	Quality Profiles	Qualitätsprofile
quality_gates.page	Quality Gates	Quality Gates
issues.page	Issues	Probleme
issues.skip_to_filters	Skip to issue filters	Weiter zu den Ausgabe-Filter
issues.skip_to_list	Skip to issues list	Weiter zu den Themen Liste
view_projects.page	Projects	Projekte
portfolios.page	Portfolios	Portfolios
project_activity.page	Activity	Aktivität
		
		
#------------------------------------------------------------------------------		
#		
# ASYNC PROCESS		
#		
#------------------------------------------------------------------------------		
		
process.still_working	Still Working...	Immer noch am arbeiten...
process.fail	Failed	Gescheitert
		
		
#------------------------------------------------------------------------------		
#		
# SESSION		
#		
#------------------------------------------------------------------------------		
		
sessions.log_in	Log in	Einloggen
sessions.email_already_exists.1	The email address {email} is already associated to this user account:	Die E-Mail-Adresse {E-Mail} ist bereits zu diesem Benutzerkonto zugeordnet:
sessions.email_already_exists.2	By clicking on "Continue" you will associate this email address to another user account:	Mit einem Klick auf „Weiter“ werden Sie diese E-Mail-Adresse zu einem anderen Benutzerkonto zuordnen:
sessions.email_already_exists.3	This means the following:	Das bedeutet folgendes:
sessions.email_already_exists.4	Your email address will be erased from the first account.	Ihre E-Mail-Adresse wird von dem ersten Konto gelöscht werden.
sessions.email_already_exists.5	You will no longer receive email notifications from this account.	Sie werden nicht mehr E-Mail-Benachrichtigungen von diesem Konto erhalten.
sessions.email_already_exists.6	Issues won't be automatically assigned to this account anymore.	Probleme werden nicht automatisch auf dieses Konto nicht mehr zugeordnet werden.
		
#------------------------------------------------------------------------------		
#		
# HOTSPOTS		
#		
#------------------------------------------------------------------------------		
		
risk_exposure.HIGH	High	Hoch
risk_exposure.MEDIUM	Medium	Mittel
risk_exposure.LOW	Low	Niedrig
		
hotspots.page	Security Hotspots	Sicherheits Hotspots
hotspots.no_hotspots.title	There are no Security Hotspots to review.	Es gibt keine Sicherheit Hotspots zu überprüfen.
hotspots.no_hotspots.description	Next time you analyze a piece of code that contains a potential security risk, it will show up here.	Nächstes Mal, wenn Sie ein Stück Code zu analysieren, die ein potenzielles Sicherheitsrisiko enthält, wird es hier angezeigt.
hotspots.no_hotspots_for_filters.title	We couldn't find any results matching the selected criteria.	Wir konnten keine Ergebnisse stimmen mit den ausgewählten Kriterien finden.
hotspots.no_hotspots_for_filters.description	Try changing the filters to get some results.	Versuchen Sie, die Filter zu ändern, einige Ergebnisse zu erhalten.
hotspots.no_hotspots_for_keys.title	The requested hotspots no longer exist.	Die angeforderten Hotspots nicht mehr existieren.
hotspots.no_hotspots_for_keys.description	They have been closed because the code involved has been changed or removed.	Sie wurden geschlossen, weil der Code beteiligt geändert oder entfernt wurde.
hotspots.learn_more	Learn more about Security Hotspots	Weitere Informationen zum Sicherheits Hotspots
hotspots.list_title	{0} Security Hotspots	{0} Sicherheit Hotspots
hotspots.list_title.TO_REVIEW	{0} Security Hotspots to review	{0} Sicherheit Hotspots zu bewerten
hotspots.list_title.FIXED	{0} Security Hotspots reviewed as fixed	{0} überprüft Sicherheit Hotspots als Fest
hotspots.list_title.SAFE	{0} Security Hotspots reviewed as safe	{0} Sicherheit Hotspots Bewertung als sicher
hotspots.risk_exposure	Review priority	Bewertung Priorität
		
hotspots.tabs.risk_description	What's the risk?	Was ist das Risiko?
hotspots.tabs.vulnerability_description	Are you at risk?	Sind Sie gefährdet?
hotspots.tabs.fix_recommendations	How can you fix it?	Wie kann man das Problem beheben?
hotspots.review_history.created	created Security Hotspot	erstellt Sicherheits Hotspot
hotspots.review_history.comment_added	added a comment	hat einen Kommentar
hotspots.comment.field	Comment:	Kommentar:
hotspots.comment.open	Add Comment	Einen Kommentar hinzufügen
hotspots.comment.submit	Comment	Kommentar
hotspots.open_in_ide.open	Open in IDE	Open in IDE
hotspots.open_in_ide.success	Success. Switch to your IDE to see the security hotspot.	Erfolg. Wechseln Sie Ihre IDE die Sicherheit Hotspot zu sehen.
hotspots.open_in_ide.failure	Unable to connect to your IDE to open the Security Hotspot. Please make sure you're running the latest version of SonarLint.	Können Sie Ihre IDE schließen Sie den Sicherheits Hotspot zu öffnen. Bitte stellen Sie sicher, dass Sie die neueste Version von SonarLint läuft.
		
hotspots.assignee.select_user	Select a user...	Wählen Sie einen Benutzer ...
hotspots.status.cannot_change_status	Changing a hotspot's status requires permission.	ein Hotspot der Statusänderung bedarf der Genehmigung.
hotspots.status.select_status	Select a status...	Wählen Sie einen Status ...
hotspots.status.add_comment	Add a comment (Optional)	Fügen Sie einen Kommentar (Optional)
hotspots.status.change_status	Change status	Status ändern
hotspots.status_option.TO_REVIEW	To review	Zur Überprüfung
hotspots.status_option.TO_REVIEW.description	This Security Hotspot needs to be reviewed to assess whether the code poses a risk.	Diese Sicherheits Hotspot muss überprüft werden, um festzustellen, ob der Code ein Risiko darstellt.
hotspots.status_option.FIXED	Fixed	Fest
hotspots.status_option.FIXED.description	The code has been modified to follow recommended secure coding practices.	Der Code wird geändert empfohlene sichere Codierung Praktiken zu folgen.
hotspots.status_option.SAFE	Safe	Sicher
hotspots.status_option.SAFE.description	The code is not at risk and doesn't need to be modified.	Der Code ist nicht gefährdet und muss nicht geändert werden.
hotspots.get_permalink	Get Permalink	Get Permalink
hotspots.no_associated_lines	Security Hotspot raised on the following file:	Sicherheits Hotspot angehoben auf die folgende Datei:
		
hotspot.filters.title	Filters	Filter
hotspot.filters.assignee.assigned_to_me	Assigned to me	Mir zugewiesen
hotspot.filters.assignee.all	All	Alle
hotspot.filters.status.to_review	To review	Zur Überprüfung
hotspot.filters.status.fixed	Reviewed as fixed	Bewertet als Fest
hotspot.filters.period.since_leak_period	New code	Neuer Code
hotspot.filters.period.overall	Overall code	insgesamt Code
hotspot.filters.status.safe	Reviewed as safe	Bewertet als sicher
hotspot.filters.show_all	Show all hotspots	Alle Hotspots
hotspot.section.activity	Activity:	Aktivität:
		
hotspots.reviewed.tooltip	Percentage of Security Hotspots reviewed (fixed or safe) among all non-closed Security Hotspots.	Prozentualer Anteil der Sicherheits Hotspots überprüft (fest oder sicher) unter allen nicht-geschlossene Sicherheits Hotspots.
hotspots.review_hotspot	Review Hotspot	Bewertung Hotspot
		
hotspots.assign.success	Security Hotspot was successfully assigned to {0}	Sicherheits Hotspot wurde erfolgreich zugewiesen {0}
hotspots.update.success	Security Hotspot status was successfully changed to {0}	Sicherheits Hotspot-Status wurde erfolgreich geändert zu {0}
		
#------------------------------------------------------------------------------		
#		
# ISSUES		
#		
#------------------------------------------------------------------------------		
		
issues.on_file_x	Issues on file {0}	Fragen über Datei {0}
issue.add_tags	Add Tags	Tags hinzufügen
issue.remove_tags	Remove Tags	entfernen Sie Stichworte
issue.no_tag	No tags	Keine Tags
issue.assign.assigned_to_x_click_to_change	Assigned to {0}, click to change	Zugeordnet zu {0}, klicken Sie auf Änderung
issue.assign.unassigned_click_to_assign	Unassigned, click to assign issue	Nicht zugewiesen, klicken Sie auf assign Ausgabe
issue.assign.formlink	Assign	Zuordnen
issue.assign.to_me	to me	mir
issue.comment.add_comment	Add Comment	Einen Kommentar hinzufügen
issue.comment.formlink	Comment	Kommentar
issue.comment.submit	Comment	Kommentar
issue.comment.explain_why	Consider explaining why	Betrachten Sie erklären, warum
issue.comment.posted_on	Comment posted on	Kommentar veröffentlicht auf
issue.comment.edit	Edit comment	Kommentar bearbeiten
issue.comment.delete	Delete comment	Kommentar auslöschen
issue.comment.delete_confirm_message	Do you want to delete this comment?	Möchten Sie diesen Kommentar löschen?
issue.manual_vulnerability	Manual	Handbuch
issue.manual_vulnerability.description	This Vulnerability was created from a Security Hotspot and has its own issue workflow.	Diese Sicherheitsanfälligkeit wurde aus einem Sicherheits Hotspot erstellt und verfügt über eine eigene Ausgabe-Workflow.
issue.rule_details	Rule Details	Regeldetails
issue.send_notifications	Send Notifications	Senden Benachrichtigungen
issue.why_this_issue	Why is this an issue?	Warum ist das ein Problem?
issue.why_this_issue.long	Why is this an issue? Open the rule's details at the bottom of the page.	Warum ist das ein Problem? Öffnen Sie die Details des Regel am unteren Rand der Seite.
issue.type.type_x_click_to_change	Type: {0}, click to change	Typ: {0}, klicken Sie auf Änderung
issue.severity.severity_x_click_to_change	Severity: {0}, click to change	Schwere: {0}, klicken Sie auf Änderung
issue.transition.community_plug_link	SonarSource Community	SonarSource Gemeinschaft
issue.transition.status_x_click_to_change	Issue status: {0}, click to change	Ausgabestand: {0}, klicken Sie auf Änderung
issue.transition	Transition	Überleitung
issue.transition.confirm	Confirm	Bestätigen
issue.transition.confirm.description	This issue has been reviewed and something should be done eventually to handle it.	Dieses Problem wurde überprüft und etwas soll es schließlich zu behandeln erfolgen.
issue.transition.unconfirm	Unconfirm	unconfirm
issue.transition.unconfirm.description	This issue should be reviewed again to decide what to do with it.	Dieses Problem sollte erneut überprüft werden, um zu entscheiden, was damit zu tun.
issue.transition.resolve	Resolve as fixed	Resolve als Fest
issue.transition.resolve.description	This issue has been fixed in the code and is waiting for the next analysis to close it - or reopen it if it was not actually fixed.	Dieses Problem wurde in dem Code festgelegt und wartet auf die nächste Analyse um es zu schließen - oder es wieder zu öffnen, wenn es nicht wirklich festgelegt.
issue.transition.falsepositive	Resolve as false positive	Resolve als falsch positiv
issue.transition.falsepositive.description	This issue can be suppressed as it was not raised accurately. Please report false-positives to the {community_plug_link}!	Dieses Problem kann unterdrückt werden, wie es war genau nicht erhöht. Bitte melden Sie falsch-positive Ergebnisse zu den {community_plug_link}!
issue.transition.reopen	Reopen	Wieder öffnen
issue.transition.reopen.description	This issue is not resolved, and should be reviewed again.	Dieses Problem wird nicht gelöst, und soll erneut überprüft werden.
issue.transition.close	Close	Schließen
issue.transition.close.description=		
issue.transition.wontfix	Resolve as won't fix	Resolve als Wille nicht fix
issue.transition.wontfix.description	This issue can be suppressed because the rule is irrelevant in this context.	Dieses Problem kann unterdrückt werden, da die Regel in diesem Zusammenhang irrelevant.
issue.transition.setinreview	Set as In Review	Gesetzt, wie in der Bewertung
issue.transition.setinreview.description	A review is in progress to check for a vulnerability	Eine Überprüfung ist im Gange für eine Verwundbarkeit zu überprüfen
issue.transition.openasvulnerability	Open as Vulnerability	Öffnen Sie als Vulnerability
issue.transition.openasvulnerability.description	There's a Vulnerability in the code that must be fixed	Es gibt eine Sicherheitslücke im Code, die behoben werden müssen,
issue.transition.resolveasreviewed	Resolve as Reviewed	Resolve als Bewertet
issue.transition.resolveasreviewed.description	There is no Vulnerability in the code	Es gibt keine Schwachstellen im Code
issue.transition.resetastoreview	Reset as To Review	Zurück, wie eine Bewertung
issue.transition.resetastoreview.description	The Security Hotspot should be analyzed again	Der Sicherheits Hotspot sollte erneut analysiert werden
vulnerability.transition.resetastoreview	Reset as To Review	Zurück, wie eine Bewertung
vulnerability.transition.resetastoreview.description	The vulnerability can't be fixed as is and needs more details. The security hotspot needs to be reviewed again	Die Sicherheitsanfälligkeit kann nicht festgelegt werden, wie und weitere Informationen benötigt. Die Sicherheits Hotspot Bedürfnisse werden erneut überprüft
vulnerability.transition.resolveasreviewed	Resolve as Reviewed	Resolve als Bewertet
vulnerability.transition.resolveasreviewed.description	The vulnerability has been fixed. The security hotspot is considered reviewed	Die Sicherheitslücke wurde behoben. Die Sicherheit Hotspot wird überprüft betrachtet
		
issue.set_severity	Change Severity	ändern Severity
issue.set_type	Change Type	Typ ändern
		
issue.type.CODE_SMELL	Code Smell	Code Geruch
issue.type.BUG	Bug	Fehler
issue.type.VULNERABILITY	Vulnerability	Verletzlichkeit
issue.type.SECURITY_HOTSPOT	Security Hotspot	Sicherheits Hotspot
issue.type.CODE_SMELL.plural	Code Smells	Code Smells
issue.type.BUG.plural	Bugs	Bugs
issue.type.VULNERABILITY.plural	Vulnerabilities	Vulnerabilities
issue.type.SECURITY_HOTSPOT.plural	Security Hotspots	Sicherheits Hotspots
		
issue.status.REOPENED	Reopened	wieder geöffnet
issue.status.RESOLVED	Resolved	Behoben
issue.status.OPEN	Open	Öffnen
issue.status.CONFIRMED	Confirmed	Bestätigt
issue.status.CLOSED	Closed	Geschlossen
issue.status.TO_REVIEW	To Review	Zur Bewertung
issue.status.IN_REVIEW	In Review	in der Bewertung
issue.status.REVIEWED	Reviewed	Bewertet
		
issue.scope.MAIN	Main code	Haupt code
issue.scope.TEST	Test code	Prüfregeln
		
issue.resolution.FALSE-POSITIVE	False Positive	falsch-Positiv
issue.resolution.FALSE-POSITIVE.description	Issues that manual review determined were False Positives. Effort from these issues is ignored.	Probleme, die manuelle Überprüfung bestimmt waren Fehlalarme. Aufwand aus diesen Fragen wird ignoriert.
issue.resolution.FIXED	Fixed	Fest
issue.resolution.FIXED.description	Issues that were corrected in code and reanalyzed.	Probleme, die im Code und erneut analysiert wurden korrigiert.
issue.resolution.WONTFIX	Won't Fix	Wird nicht beheben
issue.resolution.WONTFIX.description	Issues that are accepted in this context. They and their effort will be ignored.	Probleme, die in diesem Zusammenhang angenommen werden. Sie und ihre Anstrengungen werden ignoriert.
issue.resolution.REMOVED	Removed	entfernt
issue.resolution.REMOVED.description	Either the rule or the resource was changed (removed, relocated, parameters changed, etc.) so that analysis no longer finds these issues.	Entweder ist die Regel oder die Ressource wurde geändert (entfernt, verlegt, Parameter geändert, etc.), so dass die Analyse nicht mehr diese Fragen findet.
issue.unresolved.description	Unresolved issues have not been addressed in any way.	Ungelöste Probleme haben in irgendeiner Weise nicht angegangen.
		
issue.effort	Effort:	Anstrengung:
issue.x_effort	{0} effort	{0} Aufwand
issue.filter_similar_issues	Filter Similar Issues	Filter ähnliche Probleme
issue.this_issue_involves_x_code_locations	This issue involves {0} code location(s)	Dieses Problem betrifft {0} Code Standort (en)
issue.from_external_rule_engine	Issue detected by an external rule engine: {0}	Ausgabe von einer externen Regelmaschine festgestellt werden: {0}
issue.external_issue_description	This is external rule {0}. No details are available.	Dies ist externe Regel {0}. Keine Angaben zur Verfügung.
issues.cannot_open_issue_max_initial_X_fetched	Cannot open selected issue, as it's not part of the initial {0} loaded issues.	Kann nicht ausgewähltes Thema öffnen, da sie nicht Teil der ursprünglichen {0} geladen Probleme sind.
issues.return_to_list	Return to List	Zurück zur Liste
issues.bulk_change_X_issues	Bulk Change {0} Issue(s)	Massenänderung {0} Ausgabe (n)
issues.select_all_issues	Select all Issues	Wählen Sie alle Ausgaben
issues.issues	issues	Probleme
issues.to_select_issues	to select issues	auswählen Fragen
issues.to_navigate	to navigate	navigieren
issues.to_navigate_back	to navigate back	wieder nach oben blättern
issues.to_navigate_issue_locations	to navigate issue locations	zu navigieren Ausgabe Standorten
issues.to_switch_flows	to switch flows	zu schalten Ströme
issues.new_code	New code	Neuer Code
issues.new_code_period	New Code Period	Neuer Code Period
issues.max_new_code_period	Max New Code Period	Max Neuer Code Period
issues.my_issues	My Issues	Meine Fragen
issues.no_my_issues	There are no issues assigned to you.	Es gibt keine Probleme, die Ihnen zugeordnet.
issues.no_issues	No Issues. Hooray!	Keine Probleme. Hurra!
issues.x_more_locations	#ERROR!	#ERROR!
		
#------------------------------------------------------------------------------		
#		
# ISSUE CHANGELOG		
#		
#------------------------------------------------------------------------------		
issue.changelog.changed_to	{0} changed to {1}	{0} geändert {1}
issue.changelog.was	was {0}	{0}
issue.change.file_move	The file has been moved from {0} to {1}	Die Datei wurde verschoben von {0} {1}
issue.change.from_branch	The issue has been copied from branch '{0}' to branch '{1}'	Das Thema wurde von Zweig kopiert ‚{0}‘ auf Zweig ‚{1}‘
issue.change.from_non_branch	The issue has been merged from '{0}' into '{1}'	Das Thema wurde von ‚{0}‘ verschmolzen zu ‚{1}‘
issue.changelog.removed	{0} removed	{0} entfernt
issue.changelog.line_removed_X	Line number removed from issue (was {0})	Zeilennummer aus der Ausgabe entfernt ({0})
issue.changelog.field.severity	Severity	Schwere
issue.changelog.field.actionPlan	Action Plan	Aktionsplan
issue.changelog.field.assignee	Assignee	Zessionar
issue.changelog.field.author	Author	Autor
issue.changelog.field.resolution	Resolution	Auflösung
issue.changelog.field.effort	Effort	Anstrengung
issue.changelog.field.status	Status	Status
issue.changelog.field.tags	Tags	Stichworte
issue.changelog.field.type	Type	Art
issue.changelog.field.file	File	Datei
		
		
#------------------------------------------------------------------------------		
#		
# ISSUES FACETS		
#		
#------------------------------------------------------------------------------		
issues.facet.types	Type	Art
issues.facet.severities	Severity	Schwere
issues.facet.scopes	Scope	Umfang
issues.facet.projects	Project	Projekt
issues.facet.statuses	Status	Status
issues.facet.hotspotStatuses	Hotspot Status	Hotspot-Status
issues.facet.assignees	Assignee	Zessionar
issues.facet.files	File	Datei
issues.facet.modules	Module	Modul
issues.facet.directories	Directory	Verzeichnis
issues.facet.tags	Tag	Etikett
issues.facet.rules	Rule	Regel
issues.facet.resolutions	Resolution	Auflösung
issues.facet.languages	Language	Sprache
issues.facet.createdAt	Creation Date	Erstellungsdatum
issues.facet.createdAt.all	All	Alle
issues.facet.createdAt.last_week	Last week	Letzte Woche
issues.facet.createdAt.last_month	Last month	Letzten Monat
issues.facet.createdAt.last_year	Last year	Letztes Jahr
issues.facet.authors	Author	Autor
issues.facet.issues	Issue Key	Ausgabe Key
issues.facet.mode	Display Mode	Anzeigemodus
issues.facet.mode.count	Issues	Probleme
issues.facet.mode.effort	Effort	Anstrengung
issues.facet.standards	Security Category	Sicherheit Kategorie
issues.facet.owaspTop10	OWASP Top 10	OWASP Top 10
issues.facet.sansTop25	SANS Top 25	SANS Top 25
issues.facet.sonarsourceSecurity	SonarSource	SonarSource
issues.facet.cwe	CWE	CWE
		
#------------------------------------------------------------------------------		
#		
# ISSUE BULK CHANGE		
#		
#------------------------------------------------------------------------------		
		
issue_bulk_change.form.title	Change {0} issues	Ändern {0} Vorg
issue_bulk_change.comment.help	This comment will be applied only to issues that will effectively be modified	Dieser Kommentar wird nur auf Fragen angewandt werden, die effektiv geändert werden
issue_bulk_change.max_issues_reached	There are more issues available than can be treated by a single bulk action. Your changes will only be applied to the first {max} issues.	Es gibt mehr verfügbare Ausgaben als durch eine einzige Bulk-Aktion behandelt werden. Ihre Änderungen werden nur für die ersten {max} Probleme angewendet werden.
issue_bulk_change.x_issues	{0} issues	{0} Vorg
issue_bulk_change.no_match	There is no issue matching your filter selection	Es gibt keine Frage Ihre Filterauswahl passend
		
		
#------------------------------------------------------------------------------		
#		
# PROJECTS PAGE		
#		
#------------------------------------------------------------------------------		
		
projects.page	Projects	Projekte
projects._projects	projects	Projekte
projects.add	Add Project	Project
projects.create_application	Create Application	Anwendung erstellen
projects.no_projects.empty_instance	There are no visible projects yet.	Es gibt keine sichtbaren Projekte vor.
projects.no_projects.empty_instance.new_project	Once you analyze some projects, they will show up here.	Nachdem Sie einige Projekte analysieren, werden sie hier angezeigt.
projects.no_projects.empty_instance.how_to_add_projects	Here is how you can analyze new projects	Hier ist, wie Sie neue Projekte analysieren
projects.no_favorite_projects	You don't have any favorite projects yet.	Sie haben noch keine Lieblingsprojekte vor.
projects.no_favorite_projects.engagement	Discover and mark as favorites projects you are interested in to have a quick access to them.	Entdecken Sie und markieren als Favoriten Projekte, die Sie interessiert sind einen schnellen Zugang zu ihnen haben.
projects.explore_projects	Explore Projects	Entdecken Projekte
projects.not_analyzed.TRK	Project's Main Branch is not analyzed yet.	Project Main Branch ist noch nicht analysiert.
projects.not_analyzed.APP	None of the Application's projects have been analyzed.	Keines der Projekte der Anwendung wurden analysiert.
projects.no_new_code_period.TRK	Project has no new code data yet.	Projekt hat keine neue Codedaten vor.
projects.no_new_code_period.APP	Application has no new code data yet.	Anwendung hat keine neue Codedaten vor.
projects.new_code_period_x	New code: last {0}	Neuer Code: letzter {0}
projects.configure_analysis	Configure analysis	konfigurieren Analyse
projects.last_analysis_on_x	Last analysis: {date}	Letzte Analyse: {date}
projects.search	Search by project name or key	Suche nach Projektnamen oder Schlüssel
projects.perspective	Perspective	Perspektive
projects.skip_to_filters	Skip to project filters	Weiter zu dem Projekt Filter
projects.sort_by	Sort by	Sortieren nach
projects.sort_ascending	Result sorted in ascending order	Ergebnis aufsteigend sortiert
projects.sort_descending	Result sorted in descending order	Ergebnis in absteigender Reihenfolge sortiert
projects.sorting.default	default	Standard
projects.sorting.name	Name	Name
projects.sorting.analysis_date	Last analysis date	Letzte Analyse Datum
projects.sorting.reliability	Reliability	Verlässlichkeit
projects.sorting.security	Security	Sicherheit
projects.sorting.security_review	Security Review	Security Review
projects.sorting.maintainability	Maintainability	Wartbarkeit
projects.sorting.coverage	Coverage	Berichterstattung
projects.sorting.duplications	Duplications	Vervielfältigungen
projects.sorting.size	Size	Größe
projects.sorting.new_reliability	Reliability	Verlässlichkeit
projects.sorting.new_security	Security	Sicherheit
projects.sorting.new_security_review	Security Review	Security Review
projects.sorting.new_maintainability	Maintainability	Wartbarkeit
projects.sorting.new_coverage	Coverage	Berichterstattung
projects.sorting.new_duplications	Duplications	Vervielfältigungen
projects.sorting.new_lines	New Lines	neue Linien
projects.view.overall	Overall Status	Gesamtstatus
projects.view.new_code	New Code	Neuer Code
projects.worse_of_reliablity_and_security	Worse of Reliability and Security	Schlimmer noch von Zuverlässigkeit und Sicherheit
projects.visualization.risk	Risk	Risiko
projects.visualization.risk.description	Get quick insights into the operational risks in your projects. Any color but green indicates immediate risks: Bugs or Vulnerabilities that should be examined. A position at the top or right of the graph means that the longer-term health of the project may be at risk. Green bubbles at the bottom-left are best.	Schneller Einblick in die operationellen Risiken in Ihren Projekten. Jede Farbe, sondern grün zeigt unmittelbare Gefahren: Bugs oder Schwachstellen, die untersucht werden sollen. Eine Position am oberen oder rechts neben der Grafik bedeutet, dass die längerfristige Gesundheit des Projekts gefährdet sein könnte. Grüne Blasen an der linken unteren Ecke sind am besten.
projects.visualization.reliability	Reliability	Verlässlichkeit
projects.visualization.reliability.description	See bugs' operational risks to your projects. The closer a bubble's color is to red, the more severe the worst bugs in the project. Bubble size indicates bug volume in the project, and each bubble's vertical position reflects the estimated time to address the bugs in the project. Small green bubbles on the bottom edge are best.	Siehe Fehler operationellen Risiken für Ihre Projekte. Je näher eine Blase Farbe ist rot, desto schwerwiegender ist die schlimmsten Fehler im Projekt. Blasengröße zeigt Fehler Volumen in dem Projekt, und jede Blase der vertikale Position reflektiert die geschätzte Zeit, die Fehler in dem Projekt zu befassen. Kleine grüne Blasen am unteren Rand sind am besten.
projects.visualization.security	Security	Sicherheit
projects.visualization.security.description	See vulnerabilities' operational risks to your projects. The closer a bubble's color is to red, the more severe the worst vulnerabilities in the project. Bubble size indicates vulnerability volume in the project, and each bubble's vertical position reflects the estimated time to address the vulnerabilities in the project. Small green bubbles on the bottom edge are best.	Siehe Verwundbarkeiten operationellen Risiken für Ihre Projekte. Je näher eine Blase Farbe ist rot, desto schwerwiegender ist die schlimmsten Schwachstellen im Projekt. Blasengröße zeigt Verwundbarkeit Volumen in dem Projekt und jede Blase der vertikale Position spiegelt die geschätzte Zeit, um die Schwachstellen im Projekt zu adressieren. Kleine grüne Blasen am unteren Rand sind am besten.
projects.visualization.maintainability	Maintainability	Wartbarkeit
projects.visualization.maintainability.description	See code smells' long-term risks to your projects. The closer a bubble's color is to red, the higher the ratio of technical debt to project size. Bubble size indicates code smell volume in the project, and each bubble's vertical position reflects the estimated time to address the code smells in the project. Small green bubbles on the bottom edge are best.	Siehe Code langfristige Risiken für Ihre Projekte riecht. Je näher Farbe einer Blase ist zu rot, je höher das Verhältnis von technischen Schulden Projektgröße. Blasengröße zeigt Codegeruch Volumen in dem Projekt, und jede Blase der vertikale Position spiegelt die geschätzte Zeit bis zum Adresse des Code in dem Projekt riecht. Kleine grüne Blasen am unteren Rand sind am besten.
projects.visualization.coverage	Coverage	Berichterstattung
projects.visualization.coverage.description	See missing test coverage's long-term risks to your projects. Bubble size indicates the volume of uncovered lines in the project, and each bubble's vertical position reflects the volume of missing coverage. Small bubbles on the bottom edge are best.	Siehe fehlende Testabdeckung der langfristigen, um Ihre Projekte Risiken. Blasengröße gibt das Volumen der ungedeckten Linien im Projekt, und jede Blase der vertikale Position spiegelt das Volumen der Abdeckung fehlt. Kleine Blasen am unteren Rand sind am besten.
projects.visualization.duplications	Duplications	Vervielfältigungen
projects.visualization.duplications.description	See duplications' long-term risks to your projects. Bubble size indicates the volume of duplicated blocks in the project, and each bubble's vertical position reflects the volume of lines in those blocks. Small bubbles on the bottom edge are best.	Siehe Vervielfältigungen langfristige, um Ihre Projekte Risiken. Blasengröße gibt das Volumen der duplizierten Blöcke im Projekt und jede Blase der vertikale Position zeigt Volumen von Linien in diesen Blöcken. Kleine Blasen am unteren Rand sind am besten.
projects.limited_set_of_projects	Displayed project set limited to the top {0} projects based on current sort: {1}.	Angezeigte Projektarbeit in den oberen begrenzt {0} Projekte basierend auf aktuellen Sortier: {1}.
projects.facets.quality_gate	Quality Gate	Qualität Tor
projects.facets.quality_gate.warning_help	Warning status is deprecated. This filter will disappear when no Warning Quality Gate remains.	Warnstatus ist veraltet. Dieser Filter wird verschwinden, wenn keine Warnung Quality Gate bleibt.
projects.facets.languages	Languages	Sprachen
projects.facets.new_lines	New Lines	neue Linien
projects.facets.tags	Tags	Stichworte
projects.facets.qualifier	Type	Art
projects.sort.disabled	Disabled because sorting cannot affect the displayed result with the current project selection.	Deaktiviert, da das Sortieren nicht das angezeigte Ergebnis mit der aktuellen Projektauswahl beeinflussen.
projects.sort.analysis_date	by last analysis date (oldest first)	durch letztes Analysedatum (älteste zuerst)
projects.sort.-analysis_date	by last analysis date (latest first)	Nach letztem Analyse Datum (neueste zuerst)
projects.sort.name	by name	namentlich
projects.sort.-name	by name	namentlich
projects.sort.reliability	by reliability (best first)	durch die Zuverlässigkeit (beste zuerst)
projects.sort.-reliability	by reliability (worst first)	durch die Zuverlässigkeit (worst zuerst)
projects.sort.security	by security (best first)	von Sicherheit (beste zuerst)
projects.sort.-security	by security (worst first)	von Sicherheit (schlechteste zuerst)
projects.sort.maintainability	by maintainability (best first)	von Wartbarkeit (beste zuerst)
projects.sort.-maintainability	by maintainability (worst first)	von Wartbarkeit (worst zuerst)
projects.sort.coverage	by coverage (best first)	durch Abdeckung (beste zuerst)
projects.sort.-coverage	by coverage (worst first)	durch Abdeckung (worst zuerst)
projects.sort.duplications	by duplications (best first)	von Vervielfältigungen (beste zuerst)
projects.sort.-duplications	by duplications (worst first)	von Vervielfältigungen (worst zuerst)
projects.sort.size	by size (smallest first)	nach Größe (kleinste zuerst)
projects.sort.-size	by size (biggest first)	nach Größe (größte zuerst)
		
projects.security_hotspots_reviewed	Hotspots Reviewed	Hotspots Bewertet
		
#------------------------------------------------------------------------------		
#		
# DASHBOARD		
#		
#------------------------------------------------------------------------------		
		
dashboard.project_not_found	The requested project does not exist.	Das angeforderte Projekt existiert nicht.
dashboard.project_not_found.2	Either it has never been analyzed successfully or it has been deleted.	Entweder es wurde nie erfolgreich analysiert oder es wird gelöscht.
		
		
#------------------------------------------------------------------------------		
#		
# SETTINGS		
#		
#------------------------------------------------------------------------------		
settings.key_x	Key: {0}	Key: {0}
settings.default_x	Default: {0}	Standard: {0}
settings.not_set	(not set)	(nicht eingestellt)
settings.state.saving	Saving...	Speichern ...
settings.state.saved	Saved!	Gerettet!
settings.state.validation_failed	Validation failed. {0}	Überprüfung fehlgeschlagen. {0}
settings.state.value_cant_be_empty	Provide a value or use "Reset" to set the value to the default one.	Geben Sie einen Wert oder Verwendung „Reset“ den Wert auf den Standardwert ein setzen.
settings.state.value_cant_be_empty_no_default	Provide a value.	Geben Sie einen Wert.
settings._default	(default)	(Standard)
settings.boolean.true	TRUE	WAHR
settings.boolean.false	FALSE	FALSCH
settings.default.no_value	<no value>	<No value>
settings.default.complex_value	<complex value>	<Komplexer Wert>
settings.default.password	<password>	<Kennwort>
settings.reset_confirm.title	Reset Setting	Einstellung zurücksetzen
settings.reset_confirm.description	Are you sure that you want to reset this setting?	Sind Sie sicher, dass Sie diese Einstellung zurücksetzen?
		
settings.json.format	Format JSON	Format JSON
settings.json.format_error	Formatting requires valid JSON. Please fix it and retry.	Formatierung erfordert gültige JSON. Bitte korrigieren Sie es und versuchen Sie es erneut.
		
settings.analysis_scope.wildcards.introduction	You can use the following wildcards.	Sie können die folgenden Platzhalter verwenden.
settings.analysis_scope.wildcards.zero_more_char	Match zero or more characters	Wer passt zu null oder mehr Zeichen
settings.analysis_scope.wildcards.zero_more_dir	Match zero or more directories	Wer passt zu Null oder mehrere Verzeichnisse
settings.analysis_scope.wildcards.single_char	Match a single character	Wer passt ein einzelnes Zeichen
		
settings.new_code_period.category	New Code	Neuer Code
settings.new_code_period.title	Default New Code behavior	Standard Neuer Code Verhalten
settings.new_code_period.description	The New Code definition is used to compare measures and track new issues. {link}	Die neue Code-Definition wird benutzt Maßnahmen zu vergleichen und neue Themen zu verfolgen. {Verknüpfung}
settings.new_code_period.description2	This setting is the default for all projects. A specific New Code definition can be configured at project level.	Diese Einstellung ist die Standardeinstellung für alle Projekte. Eine spezifische Neuer Code-Definition kann auf Projektebene konfiguriert werden.
		
settings.languages.select_a_language_placeholder	Select a language	Wähle eine Sprache
		
settings.projects.default_visibility_of_new_projects	Default visibility of new projects:	Standard Sichtbarkeit von neuen Projekten:
settings.projects.change_visibility_form.header	Set Default Visibility of New Projects	Set Default Visibility neuer Projekte
settings.projects.change_visibility_form.warning	This will not change the visibility of already existing projects.	Dies wird nicht die Sichtbarkeit der bereits bestehende Projekte ändern.
settings.projects.change_visibility_form.submit	Change Default Visibility	Standard ändern Sichtbarkeit
		
settings.almintegration.title	Integration configurations	Integration Konfigurationen
settings.almintegration.description	ALM integrations allow SonarQube to interact with your ALM. This enables things like authentication, or providing analysis details and a Quality Gate to your Pull Requests directly in your ALM provider's interface.	ALM-Integrationen ermöglichen Sonarqube mit ALM zu interagieren. Dies ermöglicht Dinge wie Authentifizierung oder Analyse Einzelheiten zu nennen und ein Quality Gate zu Ihrem Pull Requests direkt in Ihrem ALM-Anbieter-Schnittstelle.
settings.almintegration.azure.info	Accounts that will be used to decorate Pull Requests need Code: Read & Write permission. {link}	Konten, die zu deco Pull Requests benötigen-Code verwendet werden: Read & Write Berechtigung. {Verknüpfung}
settings.almintegration.github.info	You need to install a GitHub App with specific settings and permissions to enable Pull Request Decoration on your Organization or Repository. {link}	Sie benötigen einen GitHub App mit bestimmten Einstellungen und Berechtigungen installieren Pull-Request-Dekoration auf Ihrer Organisation oder Repository zu ermöglichen. {Verknüpfung}
settings.almintegration.gitlab.info	Accounts that will be used to decorate Merge Requests need comment permissions on projects. The personal key needs the API scope permission. {link}	Konten, die Merge Requests müssen Kommentar Berechtigungen für Projekte dekorieren verwendet wird. Der persönliche Schlüssel muss die API Umfang Erlaubnis. {Verknüpfung}
settings.almintegration.bitbucket.help_1	SonarQube needs a Personal Access Token to communicate with Bitbucket Server. This token will be used to decorate Pull Requests.	Sonarqube braucht eine Personal Access Token mit Bitbucket Server zu kommunizieren. Dieses Token wird verwendet Pull Requests zu dekorieren.
settings.almintegration.bitbucket.help_2	The account used for integration needs write permission.	Das verwendete Konto für die Integration benötigt Schreibberechtigung.
settings.almintegration.bitbucket.help_3	We recommend to integrate with SonarQube using a Bitbucket Server Service Account.	Wir empfehlen die Integration mit Sonarqube ein Bitbucket Server-Dienstkonto verwenden.
settings.almintegration.bitbucketcloud.info	You need to create an OAuth consumer in your Bitbucket Cloud workspace settings to decorate your Pull Requests. It needs to be a private consumer with Pull requests: Read permission. Bitbucket requires an OAuth callback URL, but it's not used by SonarQube so any URL works. {link}	Sie benötigen einen OAuth Verbraucher in Ihren Bitbucket Cloud-Arbeitsplatz-Einstellungen erstellen Sie Ihre Pull Requests zu dekorieren. Es muss ein privater Verbraucher mit Pull-Anfragen sein: Leseberechtigung. Bitbucket erfordert eine OAuth-Rückruf-URL, aber es ist nicht von Sonarqube so jegliche URL Werke verwendet. {Verknüpfung}
settings.almintegration.empty.azure	Create your first Azure DevOps configuration to start analyzing your repositories on SonarQube.	Erstellen Sie Ihre erste Azure DevOps Konfiguration zu starten Ihre Repositories auf Sonarqube analysieren.
settings.almintegration.empty.bitbucket	Create your first Bitbucket configuration to start analyzing your repositories on SonarQube.	Erstellen Sie Ihre erste Bitbucket Konfiguration zu starten Ihre Repositories auf Sonarqube analysieren.
settings.almintegration.empty.bitbucketcloud	Create your first Bitbucket Cloud configuration to start analyzing your repositories on SonarQube.	Erstellen Sie Ihre erste Bitbucket Cloud-Konfiguration zu starten Ihre Repositories auf Sonarqube analysieren.
settings.almintegration.empty.github	Create your first GitHub configuration to start analyzing your repositories on SonarQube.	Erstellen Sie Ihre erste GitHub Konfiguration zu starten Ihre Repositories auf Sonarqube analysieren.
settings.almintegration.empty.gitlab	Create your first GitLab configuration to start analyzing your repositories on SonarQube.	Erstellen Sie Ihre erste Gitlab Konfiguration zu starten Ihre Repositories auf Sonarqube analysieren.
settings.almintegration.create	Create configuration	Konfiguration erstellen
settings.almintegration.create.tooltip	Upgrade to {link} to integrate with multiple {alm} instances.	Aktualisieren Sie auf {link} mit mehreren {alm} Instanzen zu integrieren.
settings.almintegration.create.tooltip.link	Enterprise Edition	Enterprise Edition
settings.almintegration.check_configuration	Check configuration	Konfiguration prüfen
settings.almintegration.checking_configuration	Checking configuration	Überprüfen Konfiguration
settings.almintegration.configuration_valid	Configuration valid	Konfiguration gültig
settings.almintegration.could_not_validate	Could not validate this configuration.	Könnte diese Konfiguration nicht bestätigen.
settings.almintegration.delete.header	Delete configuration	Konfiguration löschen
settings.almintegration.delete.message	Are you sure you want to delete the {id} configuration?	Sind Sie sicher, dass Sie die {id} Konfiguration löschen?
settings.almintegration.delete.info	{0} projects will no longer get Pull Request Decorations.	{0} Projekte werden nicht mehr Pull-Request-Dekorationen erhalten.
settings.almintegration.delete.no_info	An unknown number of projects will no longer get Pull Request Decorations.	Eine unbekannte Anzahl von Projekten nicht mehr Pull-Request-Dekorationen erhalten.
settings.almintegration.form.header.create	Create a configuration	Erstellen Sie eine Konfiguration
settings.almintegration.form.header.edit	Edit the configuration	Bearbeiten Sie die Konfigurations
settings.almintegration.form.second_instance_warning	Binding more than one instance of an ALM will deactivate the import of repositories from that ALM.	Die Bindung mehr als eine Instanz einer ALM wird den Import von Endlagern von dieser ALM deaktivieren.
settings.almintegration.form.name.azure	Configuration name	Konfigurationsname
settings.almintegration.form.name.azure.help	Give your configuration a clear and succinct name. This name will be used at project level to identify the correct configured Azure instance for a project.	Geben Sie Ihre Konfiguration einen klaren und prägnanten Namen. Dieser Name wird auf Projektebene verwendet werden, um die richtige konfigurierte Azure-Instanz für ein Projekt zu identifizieren.
settings.almintegration.form.choose_bitbucket_variant	Select which variant you want to configure	Wählen Sie, welche Variante Sie konfigurieren möchten
settings.almintegration.form.name.bitbucket	Configuration name	Konfigurationsname
settings.almintegration.form.name.bitbucket.help	Give your configuration a clear and succinct name. This name will be used at project level to identify the correct configured Bitbucket instance for a project.	Geben Sie Ihre Konfiguration einen klaren und prägnanten Namen. Dieser Name wird auf Projektebene verwendet werden, um das richtige konfigurierte Bitbucket Beispiel für ein Projekt zu identifizieren.
settings.almintegration.form.name.bitbucketcloud	Configuration name	Konfigurationsname
settings.almintegration.form.name.bitbucketcloud.help	Give your configuration a clear and succinct name. This name will be used at project level to identify the correct configured Bitbucket Cloud instance for a project.	Geben Sie Ihre Konfiguration einen klaren und prägnanten Namen. Dieser Name wird auf Projektebene verwendet werden, um die richtige konfigurierte Bitbucket Cloud-Instanz für ein Projekt zu identifizieren.
settings.almintegration.form.name.github	Configuration name	Konfigurationsname
settings.almintegration.form.name.github.help	Give your configuration a clear and succinct name. This name will be used at project level to identify the correct configured GitHub App for a project.	Geben Sie Ihre Konfiguration einen klaren und prägnanten Namen. Dieser Name wird auf Projektebene verwendet werden, um den richtigen konfigurierte GitHub App für ein Projekt zu identifizieren.
settings.almintegration.form.name.gitlab	Configuration name	Konfigurationsname
settings.almintegration.form.name.gitlab.help	Give your configuration a clear and succinct name. This name will be used at project level to identify the correct configured GitLab instance for a project.	Geben Sie Ihre Konfiguration einen klaren und prägnanten Namen. Dieser Name wird auf Projektebene verwendet werden, um das richtige konfigurierte Gitlab Beispiel für ein Projekt zu identifizieren.
settings.almintegration.form.workspace.bitbucketcloud	Workspace ID	Workspace ID
settings.almintegration.form.workspace.bitbucketcloud.help	The Workspace ID	Der Arbeitsbereich ID
settings.almintegration.form.url.azure	Azure DevOps URL	Azure DevOps URL
settings.almintegration.form.url.azure.help1	For Azure DevOps Server, provide the full collection URL:	Für Azure DevOps Server bieten die vollständige Sammlung URL:
settings.almintegration.form.url.azure.help2	For Azure DevOps Services, provide the full organization URL:	Für Azure DevOps Services bieten die vollständige Organisation URL:
settings.almintegration.form.url.bitbucket	Bitbucket Server URL	Bitbucket Server-URL
settings.almintegration.form.url.bitbucket.help	Example: {example}	Beispiel: {example}
settings.almintegration.form.url.github	GitHub API URL	GitHub API URL
settings.almintegration.form.url.github.help1	Example for Github Enterprise:	Beispiel für Github Unternehmen:
settings.almintegration.form.url.github.help2	If using GitHub.com:	Bei der Verwendung von GitHub.com:
settings.almintegration.form.url.gitlab	GitLab API URL	Gitlab API URL
settings.almintegration.form.url.gitlab.help	Provide the GitLab API URL. For example:	Geben Sie die Gitlab API-URL. Beispielsweise:
settings.almintegration.form.app_id	GitHub App ID	GitHub App-ID
settings.almintegration.form.client_id.github	Client ID	Kunden ID
settings.almintegration.form.client_secret.github	Client Secret	Client-Geheimnis
settings.almintegration.form.client_id.bitbucketcloud	OAuth Key	OAuth Key
settings.almintegration.form.client_secret.bitbucketcloud	OAuth Secret	OAuth Geheimnis
settings.almintegration.form.private_key	Private Key	Privat Schlüssel
settings.almintegration.form.personal_access_token	Personal Access token	Personal Access Token
settings.almintegration.form.personal_access_token.azure.help	Token of the user that will be used to decorate the Pull Requests. Needs authorized scope: "Code (read and write)".	Token des Benutzers, der verwendet wird, um den Pull Requests zu dekorieren. Bedürfnisse autorisierten Umfang: „Code (lesen und schreiben)“.
settings.almintegration.form.personal_access_token.gitlab.help	Token of the user that will be used to decorate the Merge Requests. Needs API scope authorization.	Token des Benutzers, der verwendet wird, um die Merge Requests zu dekorieren. Benötigt API Umfang Genehmigung.
settings.almintegration.form.save	Save configuration	Konfiguration speichern
settings.almintegration.form.cancel	Cancel	Stornieren
settings.almintegration.form.secret_field	This field is hidden for security reasons.	Dieses Feld wird aus Sicherheitsgründen verborgen.
settings.almintegration.form.update_secret_field	Update field value	Update Feldwert
settings.almintegration.feature.pr_decoration.title	Pull Request Decoration	Pull-Request-Dekoration
settings.almintegration.feature.pr_decoration.description	Add analysis and a Quality Gate to your Pull Requests directly in your ALM provider's interface.	In Analyse und Quality Gate zu Ihrem Pull Requests direkt in Ihrem ALM-Anbieter-Schnittstelle.
settings.almintegration.feature.mr_decoration.title	Merge Request Decoration	Merge anfordern Dekoration
settings.almintegration.feature.mr_decoration.description	Add analysis and a Quality Gate to your Merge Requests directly in your ALM provider's interface.	In Analyse und Quality Gate auf Ihre Merge Requests direkt in Ihrem ALM-Anbieter-Schnittstelle.
settings.almintegration.feature.pr_decoration.disabled	Disabled	Deaktiviert
settings.almintegration.feature.pr_decoration.disabled.no_branches	Upgrade to {link} to enable this feature.	Aktualisieren Sie auf {link} diese Funktion zu aktivieren.
settings.almintegration.feature.pr_decoration.disabled.no_branches.link	Developer Edition	Entwickler-Ausgabe
settings.almintegration.feature.alm_repo_import.title	Import repositories from your ALM	Import-Repositories von Ihrer ALM
settings.almintegration.feature.alm_repo_import.description	Select repositories from your ALM, and import them into SonarQube.	Wählen Sie Repositories aus Ihrer ALM, und importieren Sie sie in Sonarqube.
settings.almintegration.feature.alm_repo_import.disabled	Disabled	Deaktiviert
settings.almintegration.feature.alm_repo_import.disabled.multiple	This feature is disabled because you have 2 or more integration instances configured.	Diese Funktion ist deaktiviert, da Sie haben 2 oder mehr Integration Instanzen konfiguriert.
settings.almintegration.feature.alm_repo_import.disabled.no_url	This feature is disabled because your configured instance has no URL.	Diese Funktion ist deaktiviert, da Ihre konfigurierte Instanz keine URL hat.
		
settings.pr_decoration.binding.category	Pull Request Decoration	Pull-Request-Dekoration
settings.pr_decoration.binding.no_bindings	This feature must first be enabled in the global settings. {link}	Diese Funktion muss zuerst in den globalen Einstellungen aktiviert werden. {Verknüpfung}
settings.pr_decoration.binding.title	Pull Request Decoration	Pull-Request-Dekoration
settings.pr_decoration.binding.description	Enable Pull Request Decoration for this project.	Aktivieren Sie Pull-Request-Dekoration für dieses Projekt.
settings.pr_decoration.binding.form.url	Project location	Projektstandort
settings.pr_decoration.binding.form.name	Configuration name	Konfigurationsname
settings.pr_decoration.binding.form.monorepo	Enable mono repository support	Aktivieren Mono-Repository Unterstützung
settings.pr_decoration.binding.form.monorepo.help	Enable this setting if your project is part of a mono repository. {doc_link}	Aktivieren Sie diese Einstellung, wenn Ihr Projekt Teil einer Mono-Repository ist. {Doc_link}
settings.pr_decoration.binding.form.monorepo.warning	This setting must be enabled for all SonarQube projects that are part of a mono repository.	Diese Einstellung muss für alle Sonarqube Projekte freigegeben werden, das Teil eines Mono-Repository sind.
settings.pr_decoration.binding.form.azure.project	Project Name	Projektname
settings.pr_decoration.binding.form.azure.project.help	The name of the Azure DevOps project containing your repository.	Der Name des Azure DevOps Projekt mit Ihrem Repository.
settings.pr_decoration.binding.form.azure.repository	Repository Name	Repository-Name
settings.pr_decoration.binding.form.azure.repository.help	The name of your Azure DevOps repository.	Der Name Ihres Azure DevOps-Repository.
settings.pr_decoration.binding.form.github.repository	Repository identifier	Repository-Kennung
settings.pr_decoration.binding.form.github.repository.help	The path of your repository URL. Example: {example}	Der Pfad der Repository-URL. Beispiel: {example}
settings.pr_decoration.binding.form.github.summary_comment_setting	Enable analysis summary under the GitHub Conversation tab	Aktivieren Analyse Zusammenfassung unter der Registerkarte GitHub Conversation
settings.pr_decoration.binding.form.github.summary_comment_setting.help	When enabled, a summary is displayed under the GitHub Conversation tab. Notifications may be sent by GitHub depending on your settings.	Wenn diese Option aktiviert, wird eine Zusammenfassung unter dem GitHub Conversation Registerkarte angezeigt. Benachrichtigungen können von GitHub je nach Ihren Einstellungen gesendet werden.
settings.pr_decoration.binding.form.bitbucket.repository	Project Key	Projekt Key
settings.pr_decoration.binding.form.bitbucket.repository.help	The project key is part of your Bitbucket Server repository URL. Example: ({example})	Das Projekt Schlüssel ist Teil Ihrer Bitbucket Server-Repository-URL. Beispiel: ({} Beispiel)
settings.pr_decoration.binding.form.bitbucket.slug	Repository SLUG	Repository SLUG
settings.pr_decoration.binding.form.bitbucket.slug.help	The Repository Slug is part of your Bitbucket Server repository URL. Example: ({example})	Das Repository Slug ist Teil Ihrer Bitbucket Server-Repository-URL. Beispiel: ({} Beispiel)
settings.pr_decoration.binding.form.bitbucketcloud.repository	Repository SLUG	Repository SLUG
settings.pr_decoration.binding.form.bitbucketcloud.repository.help	The Repository SLUG is part of your Bitbucket Cloud URL. Example: {example}	Das Repository SLUG ist Teil Ihrer Bitbucket Cloud-URL. Beispiel: {example}
		
settings.pr_decoration.binding.form.gitlab.repository	Project ID	Projekt-ID
		
property.category.general	General	Allgemeines
property.category.general.email	Email	Email
property.category.general.duplications	Duplications	Vervielfältigungen
property.category.general.differentialViews	New Code	Neuer Code
property.category.general.localization	Localization	Lokalisierung
property.category.general.databaseCleaner	Database Cleaner	Datenbank-Reiniger
property.category.general.looknfeel	Look & Feel	Sehen und fühlen
property.category.general.issues	Issues	Probleme
property.category.general.qualityGate	Quality Gate	Qualität Tor
property.category.general.subProjects	Sub-projects	Teilprojekte
property.category.almintegration	ALM Integrations	ALM Integrationen
property.category.almintegration.github	GitHub Authentication	GitHub-Authentifizierung
property.category.almintegration.github.description	In order to enable authentication on GitHub.com or GitHub Enterprise:<ul><li>SonarQube must be publicly accessible through HTTPS only</li><li>The property 'sonar.core.serverBaseURL' must be set to this public HTTPS URL</li><li>In your GitHub profile, you need to create a Developer Application for which the 'Authorization callback URL' must be set to <code>'&lt;value_of_sonar.core.serverBaseURL_property&gt;/oauth2/callback'</code>.</li></ul>	Um die Authentifizierung auf GitHub.com oder GitHub Unternehmen zu aktivieren: <ul> <li> Sonarqube muss über HTTPS nur öffentlich zugänglich sein </ li> <li> Die Eigenschaft ‚sonar.core.serverBaseURL‘ muss auf diese öffentliche eingestellt werden HTTPS URL </ li> <li> In Ihrem GitHub Profil, müssen Sie für die eine Entwickler-Anwendung erstellen 'Callback-URL Authorization' die auf <code> gesetzt werden muss '& lt; value_of_sonar.core.serverBaseURL_property & gt; / oauth2 / Rückruf' < / code>. </ li> </ ul>
property.category.almintegration.gitlab	GitLab Authentication	Gitlab Authentifizierung
property.category.almintegration.gitlab.description	In order to enable GitLab authentication, the property 'sonar.core.serverBaseURL' must be set to the public URL	Um Gitlab Authentifizierung, die Eigenschaft ‚sonar.core.serverBaseURL‘ zu ermöglichen, müssen der Öffentlichkeit URL eingestellt werden
property.category.organizations	Organizations	Organisationen
property.category.security	Security	Sicherheit
property.category.security.encryption	Encryption	Verschlüsselung
property.category.security.saml	SAML	SAML
property.category.security.saml.description	In order to enable SAML authentication, the property 'sonar.core.serverBaseURL' must be set to the public URL	Um SAML-Authentifizierung, die Eigenschaft ‚sonar.core.serverBaseURL‘ zu ermöglichen, müssen der Öffentlichkeit URL eingestellt werden
property.category.java	Java	Java
property.category.differentialViews	New Code	Neuer Code
property.category.codeCoverage	Code Coverage	Code Coverage
property.category.duplications	Duplications	Vervielfältigungen
property.category.localization	Localization	Lokalisierung
property.category.exclusions	Analysis Scope	Scope-Analyse
property.category.webhooks	Webhooks	Webhooks
property.category.languages	Languages	Sprachen
property.sonar.inclusions.name	Source File Inclusions	Source File Einbeziehungen
property.sonar.inclusions.description	Patterns used to include some source files and only these ones in analysis.	Muster verwendet, um einige Quelldateien enthalten und nur diese hier in der Analyse.
property.sonar.test.inclusions.name	Test File Inclusions	Testdatei Einbeziehungen
property.sonar.test.inclusions.description	Patterns used to include some test files and only these ones in analysis.	Muster verwendet, um einige Testdateien enthalten und nur diese hier in der Analyse.
property.sonar.exclusions.name	Source File Exclusions	Quelldatei Ausschlüsse
property.sonar.exclusions.description	Patterns used to exclude some source files from analysis.	Muster verwendet, um einige Quelldateien von der Analyse auszuschließen.
property.sonar.test.exclusions.name	Test File Exclusions	Testdatei Ausschlüsse
property.sonar.test.exclusions.description	Patterns used to exclude some test files from analysis.	Muster verwendet, um einige Testdateien von der Analyse auszuschließen.
property.sonar.global.exclusions.name	Global Source File Exclusions	Global Source Datei-Ausschlüsse
property.sonar.global.exclusions.description	Patterns used to exclude some source files from analysis. They apply to every project and cannot be overridden.	Muster verwendet, um einige Quelldateien von der Analyse auszuschließen. Sie gelten für jedes Projekt und kann nicht außer Kraft gesetzt werden.
property.sonar.global.test.exclusions.name	Global Test File Exclusions	Globale Testdatei Ausschlüsse
property.sonar.global.test.exclusions.description	Patterns used to exclude some test files from analysis. They apply to every project and cannot be overridden.	Muster verwendet, um einige Testdateien von der Analyse auszuschließen. Sie gelten für jedes Projekt und kann nicht außer Kraft gesetzt werden.
property.category.exclusions.files	Files	Dateien
property.category.exclusions.files.description	Configure the files that should be completely ignored by the analysis.	Konfigurieren Sie die Dateien, die durch die Analyse vollständig ignoriert werden sollte.
property.sonar.skippedModules.name	Module Exclusions	Modul Ausschlüsse
property.sonar.skippedModules.description	This property is deprecated since version 4.3 and should not be used anymore.	Diese Eigenschaft ist seit Version 4.3 als veraltet und sollte nicht mehr verwendet werden.
property.sonar.includedModules.name	Module Inclusions	Modul Einbeziehungen
property.sonar.includedModules.description	This property is deprecated since version 4.3 and should not be used anymore.	Diese Eigenschaft ist seit Version 4.3 als veraltet und sollte nicht mehr verwendet werden.
property.category.exclusions.issues	Issues	Probleme
property.category.exclusions.issues.description	Configure the conditions under which issues should not be reported.	Konfigurieren Sie die Bedingungen, unter denen Probleme sollten nicht gemeldet werden.
property.category.exclusions.duplications	Duplications	Vervielfältigungen
property.category.exclusions.duplications.description	Configure the files that should be ignored by duplication detection.	Konfigurieren Sie die Dateien, die durch Duplikation Erkennung ignoriert werden sollte.
property.category.exclusions.coverage	Code Coverage	Code Coverage
property.category.exclusions.coverage.description	Configure the files that should be ignored by code coverage calculations.	Konfigurieren Sie die Dateien, die von Code-Coverage-Berechnungen ignoriert werden sollte.
property.sonar.coverage.exclusions.name	Coverage Exclusions	Coverage Ausschlüsse
property.sonar.coverage.exclusions.description	Patterns used to exclude some files from coverage report.	Muster verwendet, um einige Dateien von der Deckung Bericht auszuschließen.
property.category.technicalDebt	Technical Debt	Technische Schulden
property.error.notBoolean	Valid options are "true" and "false"	Gültige Optionen sind „wahr“ und „falsch“
property.error.notInteger	Only digits are allowed	Nur Ziffern sind erlaubt
property.error.notFloat	Not a floating point number	Nicht eine Gleitkommazahl
property.error.notRegexp	Regular expression must be valid	Regulärer Ausdruck muss gültig sein
property.error.notInOptions	Not a valid option	Keine gültige Option
property.category.scm	SCM	SCM
property.category.housekeeping	Housekeeping	Haushalt
property.category.housekeeping.general	General	Allgemeines
property.category.housekeeping.branchesAndPullRequests	Branches and Pull Requests	Zweige und Pull Requests
		
		
#------------------------------------------------------------------------------		
#		
# SEARCH ENGINE FOR RESOURCES		
#		
#------------------------------------------------------------------------------		
search.shortcut_hint	Hint: Press {shortcut} from anywhere to open this search bar.	Hinweis: Drücken Sie {} Abkürzung von überall diese Suchleiste zu öffnen.
search.show_more.hint	Press {key} to display	Drücken Sie {key} zu Anzeige
search.placeholder	Search for projects...	Suche nach Projekten ...
search.search_for_projects	Search for projects...	Suche nach Projekten ...
search.search_for_members	Search for members...	Suche nach Mitgliedern ...
search.search_for_users	Search for users...	Suchen Sie nach Benutzern ...
search.search_for_users_or_groups	Search for users or groups...	Suchen Sie nach Benutzern oder Gruppen ...
search.search_by_login_or_name	Search by login or name...	Suche nach Anmeldung oder Namen ...
search.search_by_name	Search by name...	Suche mit Name...
search.search_by_name_or_key	Search by name or key...	Suche nach Namen oder Schlüssel ...
search.search_for_tags	Search for tags...	Suche nach Tags ...
search.search_for_repositories	Search for repositories...	Suche nach Repositories ...
search.search_for_rules	Search for rules...	Suche nach Regeln ...
search.search_for_languages	Search for languages...	Suche nach Sprachen ...
search.search_for_cwe	Search for CWEs...	Suche nach CWEs ...
search.search_for_authors	Search for authors...	Suche nach Autoren ...
search.search_for_directories	Search for directories...	Suchen Sie nach Verzeichnissen ...
search.search_for_files	Search for files...	Suche nach Dateien ...
search.search_for_modules	Search for modules...	Suche nach Modulen ...
search.search_for_metrics	Search for metrics...	Suche nach Metriken ...
		
		
#------------------------------------------------------------------------------		
#		
# GLOBAL HELP		
#		
#------------------------------------------------------------------------------		
help.section.links	Links	Links
help.section.shortcuts	Shortcuts	Shortcuts
help.section.tutorials	Tutorials	Tutorials
		
shortcuts.section.global	Global	weltweit
shortcuts.section.global.search	quickly open search bar	schnell zu öffnen Suchleiste
shortcuts.section.global.shortcuts	open this window	Öffnen Sie dieses Fenster
shortcuts.section.global.facets.multiselection	Ctrl + click to add to selection	Ctrl + Klick auf die Auswahl hinzufügen
shortcuts.section.global.facets.multiselection.mac	\u2318 + click to add to selection	\ U2318 + Klick auf die Auswahl hinzufügen
		
shortcuts.section.issues	Issues Page	Fragen Seite
shortcuts.section.issues.navigate_between_issues	navigate between issues	navigate zwischen Fragen
shortcuts.section.issues.open_details	go from the list of issues to the source code	geht aus der Liste der Fragen im Zusammenhang mit dem Quellcode
shortcuts.section.issues.return_to_list	return back to the list	Zurück zur Liste zurück
		
shortcuts.section.issue.do_transition	do an issue transition	tun ein Problem Übergang
shortcuts.section.issue.assign	assign issue	assign Ausgabe
shortcuts.section.issue.assign_to_me	assign issue to the current user	assign Ausgabe für den aktuellen Benutzer
shortcuts.section.issue.change_severity	change severity of issue	ändern Schwere der Ausgabe
shortcuts.section.issue.comment	comment issue	Kommentar Ausgabe
shortcuts.section.issue.submit_comment	submit comment	einreichen Kommentar
shortcuts.section.issue.change_tags	change tags of issue	Wechselmarken Ausgabe
		
shortcuts.section.rules	Rules Page	Regeln Seite
shortcuts.section.rules.navigate_between_rules	navigate between rules	navigate zwischen Regeln
shortcuts.section.rules.open_details	go from the list of rules to the rule details	geht aus der Liste der Regeln auf die Regeldetails
shortcuts.section.rules.return_to_list	return back to the list	Zurück zur Liste zurück
shortcuts.section.rules.activate	activate selected rule	aktivieren ausgewählte Regel
shortcuts.section.rules.deactivate	deactivate selected rule	deaktivieren ausgewählte Regel
		
shortcuts.on_page.intro	This page allows you to use the following keyboard shortcuts:	Auf dieser Seite können Sie die folgenden Tastenkombinationen verwenden:
shortcuts.on_page.left_x	Left arrow key: {0}	Pfeiltaste links: {0}
shortcuts.on_page.left_right_x	Left and right arrow keys: {0}	Linke und rechte Pfeiltasten: {0}
shortcuts.on_page.up_down_x	Up and down arrow keys: {0}	Rauf und runter Pfeiltasten: {0}
shortcuts.on_page.meta_x	Alt key + arrow keys: {0}	Alt-Taste + Pfeiltasten: {0}
		
tutorials.onboarding	Analyze a new project	Analysieren Sie ein neues Projekt
tutorials.skip	Skip this tutorial	Meiden Sie dieses Tutorial
tutorials.finish	Finish this tutorial	Beenden Sie dieses Tutorial
tutorials.find_tutorial_back_in_help	Find this tutorial back anytime in the Help section	Finden Sie diese Anleitung jederzeit wieder in der Hilfe
tutorials.find_tutorial_back_in_plus	Find this tutorial back anytime in the "+" menu	Finden Sie diese Anleitung jederzeit wieder in den „+“ Menü
		
		
#------------------------------------------------------------------------------		
#		
# SELECT2.js		
#		
#------------------------------------------------------------------------------		
select2.noMatches	No matches	Keine Treffer
select2.searching	Searching...	Suche ...
select2.tooShort	Please enter at least {0} characters	Bitte geben Sie mindestens {0} Zeichen
		
		
#------------------------------------------------------------------------------		
#		
# DUPLICATION VIEWER		
#		
#------------------------------------------------------------------------------		
duplications.dups_found_on_deleted_resource	This file contains duplicated blocks with some deleted resources. This project should be reanalyzed to remove these obsolete duplicated blocks.	Diese Datei enthält duplizierte Blöcke mit einigen gelöschten Ressourcen. Dieses Projekt soll diese veralteten duplizierten Blöcke zu entfernen, erneut analysiert werden.
		
		
#------------------------------------------------------------------------------		
#		
# GENERIC CODE VIEWER		
#		
#------------------------------------------------------------------------------		
code_viewer.no_source_code_displayed_due_to_security	Due to security settings, no source code can be displayed.	Aufgrund von Sicherheitseinstellungen, kann kein Quellcode angezeigt werden.
code_viewer.no_source_code_displayed_due_to_source_removed	The file was removed, no source code can be displayed.	Die Datei entfernt wurde, kann kein Quellcode angezeigt werden.
		
		
#------------------------------------------------------------------------------		
#		
# CUSTOM MEASURES		
#		
#------------------------------------------------------------------------------		
custom_measures.page	Custom Measures	Kundenspezifische Maßnahmen
custom_measures.page.description	Update the values of custom metrics for this project. Changes will take effect at the project's next analysis. Custom metrics must be created at the global level.	Aktualisieren Sie die Werte von benutzerdefinierten Metriken für dieses Projekt. Änderungen werden wirksam bei der nächsten Analyse des Projekts. Benutzerdefinierte Messwerte müssen auf globaler Ebene geschaffen werden.
custom_measures.deprecated	Custom measures are deprecated and will be removed soon.	Kundenspezifische Maßnahmen sind veraltet und werden in Kürze entfernt werden.
custom_measures.pending	Pending	steht aus
custom_measures.pending_tooltip	The value will be integrated to project during next analysis.	Der Wert wird auf Projekt bei der nächsten Analyse integriert werden.
custom_measures.all_metrics_taken	There are already measures on all available custom metrics.	Es gibt bereits Maßnahmen auf allen verfügbaren benutzerdefinierten Metriken.
custom_measures.delete_custom_measure	Delete Custom Measure	Löschen von benutzerdefinierten Measure
custom_measures.delete_custom_measure.confirmation	Are you sure you want to delete custom measure "{0}"?	Sind Sie sicher, dass Sie benutzerdefinierte Maßnahme „{0}“ löschen?
custom_measures.create_custom_measure	Create Custom Measure	Erstellen von benutzerdefinierten Measure
custom_measures.update_custom_measure	Update Custom Measure	Benutzerdefinierten Measure
custom_measures.metric	Metric	Metrisch
		
		
#------------------------------------------------------------------------------		
#		
# PROJECT ACTIVITY/HISTORY SERVICE		
#		
#------------------------------------------------------------------------------		
		
project_activity.analysis	Analysis	Analyse
project_activity.analysis_build_string_X	Build string: {0}	Build-String: {0}
project_activity.add_version	Create Version	Version erstellen
project_activity.analyzed.TRK	Project Analyzed	Projekt Analysierte
project_activity.analyzed.APP	Application Analyzed	Anwendung Analysierte
project_activity.remove_version	Remove Version	entfernen Version
project_activity.remove_version.question	Are you sure you want to delete this version?	Sind Sie sicher, dass Sie diese Version löschen?
project_activity.change_version	Change Version	Version ändern
project_activity.add_custom_event	Create Custom Event	Erstellen von benutzerdefinierten Ereignis
project_activity.change_custom_event	Change Event	Änderungsereignis
project_activity.remove_custom_event	Delete Event	Ereignis löschen
project_activity.remove_custom_event.question	Are you sure you want to delete this event?	Sind Sie sicher, dass Sie dieses Ereignis löschen?
project_activity.reset_dates	Reset dates	Reset Termine
project_activity.delete_analysis	Delete Analysis	Löschen Analyse
project_activity.delete_analysis.question	Are you sure you want to delete this analysis from the history?	Sind Sie sicher, dass Sie diese Analyse aus der Geschichte löschen?
project_activity.filter_events	Filter events	Ereignisse filtern
project_activity.events.tooltip.edit	Edit this event	Bearbeiten Sie diese Veranstaltung
project_activity.events.tooltip.delete	Delete this event	Löschen Sie diese Veranstaltung
project_activity.new_code_period_start	New Code Period starts here	Neuer Code Periode beginnt hier
project_activity.new_code_period_start.help	The analysis before this mark is the baseline for New Code comparison	Die Analyse vor dieser Marke ist die Grundlage für Neuen Code Vergleich
		
project_activity.graphs.new_code	New Code	Neuer Code
project_activity.graphs.new_code_long	New Code is indicated in yellow on the graph.	Neuer Code wird in Gelb auf dem Diagramm angezeigt.
project_activity.graphs.issues	Issues	Probleme
project_activity.graphs.coverage	Coverage	Berichterstattung
project_activity.graphs.duplications	Duplications	Vervielfältigungen
project_activity.graphs.custom	Custom	Benutzerdefiniert
project_activity.graphs.custom.add	Add metric	In metrisch
project_activity.graphs.custom.add_metric	Add a metric	Fügen Sie eine Metrik
project_activity.graphs.custom.add_metric_info	Only 3 metrics of the same type can be displayed on one graph. You can have a maximum of two graphs.	Nur 3 Metriken des gleichen Typs können auf einem Diagramm angezeigt werden. Sie können maximal zwei Graphen haben.
project_activity.graphs.custom.no_history	There isn't enough data to generate an activity graph, please select more metrics.	Es gibt nicht genügend Daten ist ein Aktivitäts Graph zu erzeugen, benutzen Sie bitte mehr Metriken wählen.
project_activity.graphs.custom.metric_no_history	This metric has no historical data to display.	Diese Metrik hat keine historischen Daten anzuzeigen.
project_activity.graphs.custom.search	Search for a metric by name	Suchen Sie nach einer Metrik nach Namen
project_activity.graphs.custom.type_x_message	Only "{0}" metrics are available with your current selection.	Nur „{0}“ Metriken sind mit Ihrer aktuellen Auswahl.
		
project_activity.custom_metric.covered_lines	Covered Lines	Covered-Linien
		
		
#------------------------------------------------------------------------------		
#		
# PROJECT "UPDATE KEY" PAGE		
#		
#------------------------------------------------------------------------------		
update_key.old_key	Old Key	Alter Schlüssel
update_key.new_key	New Key	Neuer Schlüssel
update_key.are_you_sure_to_change_key	Are you sure you want to change key of "{0}"?	Sind Sie sicher, dass Sie Schlüssel ändern möchten von „{0}“?
		
		
#------------------------------------------------------------------------------		
#		
# PROJECT QUALITY PROFILE PAGE		
#		
#------------------------------------------------------------------------------		
project_quality_profile.instance_default	Instance default	Instanz Standard
project_quality_profile.successfully_updated	{0} Quality Profile has been successfully updated.	{0} Qualitäts Profil wurde erfolgreich aktualisiert.
project_quality_profile.subtitle	Manage project Quality Profiles	Verwalten Projekt Qualitätsprofile
project_quality_profile.always_use_default	Always use the instance default Quality Profile	Verwenden Sie immer die Instanz Standardqualitätsprofil
project_quality_profile.current	Current Quality Profile	Aktuelles Qualitätsprofil
project_quality_profile.always_use_specific	Always use a specific Quality Profile	Verwenden Sie immer eine bestimmte Qualität Profil
project_quality_profile.change_lang_X_profile	Change {0} Quality Profile	Ändern {0} Qualitäts Profil
project_quality_profile.requires_new_analysis	Changes will be applied after the next analysis.	Die Änderungen werden nach der nächsten Analyse angewandt werden.
project_quality_profile.add_language.title	Add a new language	Fügen Sie eine neue Sprache
project_quality_profile.add_language.description	Manually configure a specific profile for a new language before the next analysis.	Manuell konfigurieren für eine neue Sprache ein bestimmtes Profil, bevor die nächste Analyse.
project_quality_profile.add_language.action	Add language	Sprache hinzufügen
project_quality_profile.add_language_modal.title	Add a language	Sprache hinzufügen
project_quality_profile.add_language_modal.choose_language	Choose a language	Wählen Sie eine Sprache
project_quality_profile.add_language_modal.choose_profile	Choose a profile	Wählen Sie ein Profil
project_quality_profile.change_profile	Change profile	Profil ändern
		
#------------------------------------------------------------------------------		
#		
# PROJECT QUALITY GATE PAGE		
#		
#------------------------------------------------------------------------------		
project_quality_gate.default_qgate	Default	Standard
project_quality_gate.successfully_updated	Quality Gate has been successfully updated.	Quality Gate wurde erfolgreich aktualisiert.
project_quality_gate.subtitle	Manage project Quality Gate	Verwalten Projekt Quality Gate
project_quality_gate.always_use_default	Always use the instance default Quality Gate	Verwenden Sie immer die Instanz Standard Quality Gate
project_quality_gate.always_use_specific	Always use a specific Quality Gate	Verwenden Sie immer eine bestimmte Quality Gate
project_quality_gate.requires_new_analysis	Changes will be applied after the next analysis.	Die Änderungen werden nach der nächsten Analyse angewandt werden.
		
#------------------------------------------------------------------------------		
#		
# PROJECT (RESOURCE) DELETION PAGE		
#		
#------------------------------------------------------------------------------		
		
project_deletion.delete_resource_confirmation	Are you sure you want to delete "{0}"?	Sind Sie sicher, dass Sie löschen möchten „{0}“?
project_deletion.resource_deleted	Project "{0}" has been successfully deleted.	Projekt „{0}“ wurde erfolgreich gelöscht.
projects_management.delete_resource_confirmation	Are you sure you want to delete "{0}"?	Sind Sie sicher, dass Sie löschen möchten „{0}“?
projects_management.delete_selected_warning	You're about to delete {0} selected items.	Sie sind über {0} ausgewählte Elemente zu löschen.
projects_management.delete_all_warning	You're about to delete all {0} items.	Sie sind über alle {0} Elemente zu löschen.
projects_management.project_has_been_successfully_created	Project {project} has been successfully created.	Projekt {Projekt} wurde erfolgreich erstellt.
		
#------------------------------------------------------------------------------		
#		
# PROJECT INFORMATION DRAWER		
#		
#------------------------------------------------------------------------------		
		
project.info.title	Project Information	Projekt Information
application.info.title	Application Information	Bewerbungs informationen
project.info.description	Description	Beschreibung
project.info.quality_gate	Quality Gate used	Quality Gate verwendet
project.info.to_notifications	Set notifications	Set-Benachrichtigungen
project.info.notifications	Set notifications	Set-Benachrichtigungen
		
#------------------------------------------------------------------------------		
#		
# QUALITY PROFILES		
#		
#------------------------------------------------------------------------------		
		
quality_profiles.new_profile	New Profile	Neues Profil
quality_profiles.compare_with	Compare with	Vergleichen mit
quality_profiles.filter_by	Filter profiles by	Filterprofile durch
quality_profiles.restore_profile	Restore Profile	wiederherstellen Profil
quality_profiles.restore_profile.success	{1} rule(s) restored in profile "{0}"	{1} Regel (n) im Profil gestellt "{0}"
quality_profiles.restore_profile.warning	{1} rule(s) restored, {2} rule(s) ignored in profile "{0}"	{1} Regel (n) gestellt, {2} Regel (n) im Profil ignoriert "{0}"
quality_profiles.optional_configuration_file	Optional configuration file	Optionale Konfigurationsdatei
quality_profiles.new_name	New name	Neuer Name
quality_profiles.no_languages_available	There are no languages available. You cannot create a new profile.	Es sind keine Sprachen verfügbar. Sie können ein neues Profil erstellen.
quality_profiles.delete_confirm_title	Delete Profile	Profil löschen
quality_profiles.are_you_sure_want_delete_profile_x	Are you sure that you want to delete the profile "{0}"?	Sind Sie sicher, dass Sie das Profil „{0}“ löschen?
quality_profiles.are_you_sure_want_delete_profile_x_and_descendants	Are you sure that you want to delete the profile "{0}" and all its descendants?	Sind Sie sicher, dass Sie das Profil „{0}“ und alle seine Nachkommen löschen?
quality_profiles.this_profile_has_descendants	This profile has descendants.	Dieses Profil hat Nachkommen.
quality_profiles.profile_inheritance	Inheritance	Erbe
quality_profiles.no_projects_associated_to_profile	No projects are explicitly associated to the profile.	Es werden keine Projekte explizit auf das Profil zugeordnet ist.
quality_profiles.parent	Parent:	Elternteil:
quality_profiles.parameter_set_to	Parameter {0} set to {1}	Parameter {0} auf {1}
quality_profiles.x_rules_only_in	{0} rules only in	{0} Regeln nur in
quality_profiles.x_rules_have_different_configuration	{0} rules have a different configuration	{0} Regeln haben eine andere Konfiguration
quality_profiles.copy_x_title	Copy Profile "{0}" - {1}	Profil kopieren "{0}" - {1}
quality_profiles.extend_x_title	Extend Profile "{0}" - {1}	Erweitern Profil "{0}" - {1}
quality_profiles.rename_x_title	Rename Profile {0} - {1}	Umbenennen Profil {0} - {1}
quality_profiles.deprecated	deprecated	deprecated
quality_profiles.severity_set_to	Severity set to	Schwere auf
quality_profiles.changelog.ACTIVATED	Activated	aktiviert
quality_profiles.changelog.DEACTIVATED	Deactivated	Deaktiviert
quality_profiles.changelog.UPDATED	Updated	Aktualisiert
quality_profiles.changelog.parameter_reset_to_default_value	Parameter {0} reset to default value	Parameter {0} Zurücksetzen auf Standardwert
quality_profiles.deleted_profile	The profile {0} doesn't exist anymore	Das Profil {0} existiert nicht mehr
quality_profiles.projects_for_default	Every project not specifically associated with a Quality Profile will be associated to this one by default.	Jedes Projekt nicht speziell mit einem Qualitätsprofil verbunden sind, werden auf diese eine standardmäßig zugeordnet werden.
quality_profile.x_rules	{0} rule(s)	{0} Regel (n)
quality_profile.x_active_rules	{0} active rules	{0} aktive Regeln
quality_profiles.x_overridden_rules	{0} overridden rules	{0} außer Kraft gesetzte Regeln
quality_profiles.change_parent	Change Parent	ändern Eltern
quality_profiles.all_profiles	All Profiles	Alle Profile
quality_profiles.x_profiles	{0} profile(s)	{0} Profil (e)
quality_profiles.x_Profiles	{0} Profiles	{0} Profile
quality_profiles.projects.select_hint	Click to associate this project with the Quality Profile	Klicken Sie auf dieses Projekt mit dem Qualitätsprofil zu assoziieren
quality_profiles.projects.deselect_hint	Click to remove association between this project and the Quality Profile	Klicken Sie auf Verknüpfung zwischen diesem Projekt zu entfernen und das Qualitätsprofil
quality_profile.empty_comparison	The Quality Profiles are equal.	Die Qualitätsprofile sind gleich.
quality_profiles.activate_more	Activate More	aktivieren Mehr
quality_profiles.activate_more.help.built_in	This Quality Profile is built in, and cannot be updated manually. If you want to activate more rules, create a new profile that inherits from this one and add rules there.	Das Qualitätsprofil ist eingebaut und kann nicht manuell aktualisiert werden. Wenn Sie mehr Regeln aktivieren möchten, erstellen Sie ein neues Profil, das erbt von dieser und fügen Sie Regeln gibt.
quality_profiles.activate_more_rules	Activate More Rules	Aktivieren Weitere Regeln
quality_profiles.intro1	Quality Profiles are collections of rules to apply during an analysis.	Qualitätsprofile sind Sammlungen von Regeln während einer Analyse anzuwenden.
quality_profiles.intro2	For each language there is a default profile. All projects not explicitly assigned to some other profile will be analyzed with the default. Ideally, all projects will use the same profile for a language.	Für jede Sprache gibt es ein Standardprofil. Alle Projekte, die nicht explizit auf ein anderes Profil zugewiesen werden mit dem Standard analysiert werden. Im Idealfall werden alle Projekte das gleiche Profil für eine Sprache verwenden.
quality_profiles.list.projects	Projects	Projekte
quality_profiles.list.projects.help	Projects assigned to a profile will always be analyzed with it for that language, regardless of which profile is the default. Quality Profile administrators may assign projects to a non-default profile, or always make it follow the system default. Project administrators may choose any profile for each language.	Projekte zu einem Profil zugeordnet werden immer mit ihm für diese Sprache analysiert werden, unabhängig davon, welches Profil ist die Standardeinstellung. Qualitätsprofil Administratoren Projekte zu einem Nicht-Standard-Profil zuweisen kann, oder immer macht es dem System-Standard folgen. Projektadministratoren können ein beliebiges Profil für jede Sprache wählen.
quality_profiles.list.rules	Rules	Regeln
quality_profiles.list.updated	Updated	Aktualisiert
quality_profiles.list.used	Used	Benutzt
quality_profiles.list.default.help	For each language there is a default profile. All projects not explicitly assigned to some other profile will be analyzed with the default.	Für jede Sprache gibt es ein Standardprofil. Alle Projekte, die nicht explizit auf ein anderes Profil zugewiesen werden mit dem Standard analysiert werden.
quality_profiles.x_updated_on_y	{0}, updated on {1}	{0}, aktualisiert auf {1}
quality_profiles.change_projects	Change Projects	Change-Projekte
quality_profiles.not_found	The requested Quality Profile was not found.	Das angeforderte Qualität Profil wurde nicht gefunden.
quality_profiles.latest_new_rules	Recently Added Rules	Vor kurzem hinzugefügt Regeln
quality_profiles.latest_new_rules.activated	{0}, activated on {1} profile(s)	{0}, aktiviert auf {1} Profil (e)
quality_profiles.latest_new_rules.not_activated	{0}, not yet activated	{0}, noch nicht aktiviert
quality_profiles.deprecated_rules	Deprecated Rules	Veraltete Regeln
quality_profiles.deprecated_rules_description	These deprecated rules will eventually disappear. You should proactively investigate replacing them.	Diese veralteten Regeln werden schließlich verschwinden. Sie sollten proaktiv ersetzt sie untersuchen.
quality_profiles.deprecated_rules_are_still_activated	Deprecated rules are still activated on {0} Quality Profile(s):	Veraltete Regeln werden auf noch aktiviert {0} Qualitäts Profil (e):
quality_profiles.sonarway_missing_rules	Sonar way rules not included	Sonar Vorfahrtsregeln nicht enthalten
quality_profiles.sonarway_missing_rules_description	Recommended rules are missing from your profile	Empfohlene Regeln fehlen aus Ihrem Profil
quality_profiles.stagnant_profiles	Stagnant Profiles	stagnierende Profile
quality_profiles.not_updated_more_than_year	The following profiles haven't been updated for more than 1 year:	Die folgenden Profile sind nicht länger als 1 Jahr aktualisiert worden:
quality_profiles.exporters	Exporters	Exporteure
quality_profiles.updated_	Updated:	Aktualisiert:
quality_profiles.used_	Used:	Benutzt:
quality_profiles.built_in	Built-in	Eingebaut
quality_profiles.built_in.description	This is a built-in Quality Profile that might be updated automatically.	Dies ist eine integrierte Quality Profile, die automatisch aktualisiert werden könnten.
quality_profiles.extends_built_in	Because this Quality Profile inherits from a built-in Quality Profile, it might be updated automatically.	Da diese Qualität Profil erbt von einem eingebauten in Profil Qualität, kann es automatisch aktualisiert werden.
quality_profiles.default_permissions	Users with the global "Manage Quality Profile" permission can manage this Quality Profile.	Benutzer mit dem globalen „Manage Qualitätsprofil“ Berechtigung kann ein Quality Profil verwalten.
quality_profiles.grant_permissions_to_more_users	Grant permissions to more users	Erteilen von Berechtigungen für mehrere Benutzer
quality_profiles.grant_permissions_to_user_or_group	Grant permissions to a user or a group	Erteilen von Berechtigungen für einen Benutzer oder eine Gruppe
quality_profiles.additional_user_groups	Additional users / groups:	Zusätzliche Benutzer / Gruppen:
quality_profiles.search_description	Search users by login or name, and groups by name:	Suche Benutzer nach Anmeldung oder Namen und Gruppen nach Namen:
		
		
		
		
#------------------------------------------------------------------------------		
#		
# QUALITY GATES		
#		
#------------------------------------------------------------------------------		
		
quality_gates.create	Create Quality Gate	Erstellen Quality Gate
quality_gates.rename	Rename Quality Gate	Rename Quality Gate
quality_gates.delete	Delete Quality Gate	Löschen Quality Gate
quality_gates.copy	Copy Quality Gate	Kopieren Quality Gate
quality_gates.conditions	Conditions	Bedingungen
quality_gates.conditions.help	Both conditions on New Code and Overall Code have to be met by a project to pass the Quality Gate.	Beiden Bedingungen auf Neuen Code und Gesamtcode haben ein Projekt getroffen werden, um die Quality Gate passieren.
quality_gates.conditions.help.link	See also: Clean as You Code	Siehe auch: Clean as You-Code
quality_gates.projects	Projects	Projekte
quality_gates.projects.help	The Default gate is applied to all projects not explicitly assigned to a gate. Quality Gate administrators can assign projects to a non-default gate, or always make it follow the system default. Project administrators may choose any gate.	Der Standard-Gate wird auf alle Projekte angewendet nicht explizit mit einem Gate zugeordnet. Quality Gate-Administratoren können Projekte auf ein Nicht-Standard-Gate zuweisen oder immer macht es dem System-Standard folgen. Projektadministratoren können jede Gate wählen.
quality_gates.add_condition	Add Condition	Bedingung hinzufügen
quality_gates.condition_added	Successfully added condition.	Erfolgreich in Zustand.
quality_gates.update_condition	Update Condition	Update Zustand
quality_gates.condition_updated	Successfully updated condition.	Erfolgreich aktualisiert Zustand.
quality_gates.no_conditions	No Conditions	Keine Bedingungen
quality_gates.health_icons	Project health icons represent:	Projekt Gesundheits-Symbole repräsentieren:
quality_gates.projects_for_default	Every project not specifically associated to a quality gate will be associated to this one by default.	Jedes Projekt nicht spezifisch an ein Qualitäts-Gate verbunden sind, werden auf diese eine standardmäßig zugeordnet werden.
quality_gates.projects.with	With	Mit
quality_gates.projects.without	Without	Ohne
quality_gates.projects.all	All	Alle
quality_gates.projects.noResults	No Projects	keine Projekte
quality_gates.projects.select_hint	Click to associate this project with the quality gate	Klicken Sie auf dieses Projekt mit dem Quality Gate zu assoziieren
quality_gates.projects.deselect_hint	Click to remove association between this project and the quality gate	Klicken Sie auf Verknüpfung zwischen diesem Projekt zu entfernen und die Qualität Tor
quality_gates.operator.LT	is less than	ist weniger als
quality_gates.operator.GT	is greater than	ist größer als
quality_gates.operator.EQ	equals	Gleichen
quality_gates.operator.NE	is not	ist nicht
quality_gates.operator.LT.short	<	<
quality_gates.operator.GT.short	>	>
quality_gates.operator.EQ.short	#ERROR!	#ERROR!
quality_gates.operator.NE.short	\u2260	\ u2260
quality_gates.operator.LT.rating	is better than	ist besser als
quality_gates.operator.GT.rating	is worse than	ist schlimmer als
quality_gates.operator.EQ.rating	is	ist
quality_gates.operator.NE.rating	is not	ist nicht
quality_gates.delete.confirm.message	Are you sure you want to delete the "{0}" quality gate?	Sind Sie sicher, dass Sie die „{0}“ Quality Gate löschen?
quality_gates.delete.confirm.default	Are you sure you want to delete the "{0}" quality gate, which is the default quality gate?	Sind Sie sicher, dass Sie die „{0}“ Quality Gate gelöscht werden sollen, die das Standard-Quality-Gate ist?
quality_gates.delete_condition	Delete Condition	Bedingung löschen
quality_gates.condition_deleted	Successfully deleted condition	Erfolgreich gelöscht Zustand
quality_gates.delete_condition.confirm.message	Are you sure you want to delete the "{0}" condition?	Sind Sie sicher, dass Sie die „{0}“ Bedingung löschen?
quality_gates.conditions.fails_when	Quality Gate fails when	Quality Gate schlägt fehl, wenn
quality_gates.conditions.metric	Metric	Metrisch
quality_gates.conditions.new_code	On New Code	Auf Neuen Code
quality_gates.conditions.new_code.long	Conditions on New Code	Bedingungen auf Neuen Code
quality_gates.conditions.new_code.description	Conditions on New Code apply to all branches and to Pull Requests.	Bedingungen auf Neuen Code gelten für alle Zweige und Pull Requests.
quality_gates.conditions.overall_code	On Overall Code	Auf Gesamtkode
quality_gates.conditions.overall_code.long	Conditions on Overall Code	Bedingungen auf Gesamtkode
quality_gates.conditions.overall_code.description	Conditions on Overall Code apply to branches only.	Bedingungen auf Gesamt-Code gelten nur für Filialen.
quality_gates.conditions.operator	Operator	Operator
quality_gates.conditions.warning	Warning	Warnung
quality_gates.conditions.warning.tooltip	Warning status is deprecated and will disappear with the next update of the Quality Gate.	Status Warnung ist veraltet und wird mit dem nächsten Update des Quality Gate verschwinden.
quality_gates.conditions.value	Value	Wert
quality_gates.duplicated_conditions	This quality gate has duplicated conditions:	Das Quality Gate hat duplizierten Bedingungen:
quality_gates.intro.1	Quality Gate is the set of conditions the project must meet before it can be released into production.	Quality Gate ist die Menge der Bedingungen das Projekt erfüllen muss, bevor es in die Produktion freigegeben werden.
quality_gates.intro.2	It is possible to set a default Quality Gate, which will be applied to all projects not explicitly assigned to some other gate.	Es ist möglich, ein Standard-Quality Gate, zu setzen, die zu einem anderen Tor zugewiesen nicht explizit auf alle Projekte angewandt werden.
quality_gates.built_in	Built-in	Eingebaut
quality_gates.built_in.help	Built-in, immutable Quality Gate reflecting best practices.	Built-in, was unveränderlich Quality Gate Best Practices.
quality_gates.built_in.description.1	This quality gate is provided by default.	Das Quality Gate ist standardmäßig zur Verfügung gestellt.
quality_gates.built_in.description.2	It will automatically be updated with the latest recommendations.	Es wird automatisch mit den neuesten Empfehlungen aktualisiert werden.
quality_gates.status	Quality Gate status	Quality Gate-Status
quality_gates.help	A Quality Gate is a set of measure-based, Boolean conditions. It helps you know immediately whether your projects are production-ready. Ideally, all projects will use the same quality gate. Each project's Quality Gate status is displayed prominently on its homepage.	Ein Quality Gate ist eine Reihe von Maß-basierte, Boolean Bedingungen. Es hilft Ihnen, sofort wissen, ob Ihre Projekte produktionsbereit sind. Im Idealfall werden alle Projekte die gleiche Qualität Gate verwenden. Jedes Quality Gate Status des Projektes wird prominent auf der Homepage angezeigt.
		
#------------------------------------------------------------------------------		
#		
# RULES DOCUMENTATION PAGE		
#		
#------------------------------------------------------------------------------		
rules.parameters	Parameters	Parameter
rules.status.beta	Beta	Beta
rules.status.BETA	Beta	Beta
rules.status.deprecated	Deprecated	Veraltete
rules.status.DEPRECATED	Deprecated	Veraltete
rules.status.DEPRECATED.help	The rule that generated this issue has been deprecated and will be removed. Once the rule is removed, this issue will no longer appear.	Die Regel, dass dieses Problem erzeugt ist veraltet und wird entfernt. Sobald die Regel entfernt wird, wird dieses Problem nicht mehr angezeigt.
rules.status.ready	Ready	Bereit
rules.status.READY	Ready	Bereit
rules.status.REMOVED	Removed	entfernt
rules.status.REMOVED.help	The rule that generated this issue has been removed. Starting on the next analysis, this issue will no longer appear.	Die Regel, dass dieses Problem erzeugt wird entfernt. Ab der nächsten Analyse wird dieses Problem nicht mehr angezeigt.
		
		
#------------------------------------------------------------------------------		
#		
# CODING RULES		
#		
#------------------------------------------------------------------------------		
coding_rules.active_in_all_profiles	The rule is already activated on all available Quality Profiles.	Die Regel ist bereits auf allen verfügbaren Qualitätsprofile aktiviert.
coding_rules.activate	Activate	aktivieren Sie
coding_rules.activate_in	Activate In	Aktivieren Im
coding_rules.activate_in_quality_profile	Activate In Quality Profile	Aktivieren Sie in dem Qualitätsprofil
coding_rules.activation_severity	Activation Severity	Die Aktivierung Severity
coding_rules.available_since	Available Since	erhältlich seit
coding_rules.bulk_change	Bulk Change	Massenänderung
coding_rules.bulk_change.success	{2} rule(s) changed in profile {0} - {1}	{2} Regel (n) im Profil geändert {0} - {1}
coding_rules.bulk_change.warning	{2} rule(s) changed, {3} rule(s) ignored in profile {0} - {1}	{2} Regel (n) geändert, {3} Regel (n) im Profil ignoriert {0} - {1}
coding_rules.can_not_bulk_change	Bulk change is only available when you have a custom Quality Profile to target. You can create a customizable Quality Profile based on a built-in one by Copying or Extending it in the Quality Profiles list.	Bulk-Änderung ist nur verfügbar, wenn Sie ein benutzerdefiniertes Qualitätsprofil haben zum Ziel. Sie können eine anpassbare Qualitätsprofil auf einem integrierten in einer durch Kopieren oder erweitern es in der Qualitätsprofile Liste basiert erstellen.
coding_rules.can_not_deactivate	This rule is inherited and cannot be deactivated.	Diese Regel wird vererbt und kann nicht deaktiviert werden.
coding_rules.change_details	Change Details of Quality Profile	Ändern Einzelheiten der Qualitätsprofil
coding_rules.create	Create	Erstellen
coding_rules.create_custom_rule	Create Custom Rule	Erstellen von benutzerdefinierter Regel
coding_rules.custom_rule	Custom Rule	benutzerdefinierte Regel
coding_rules.custom_rule.help	Custom rules are created by administrators from templates, and are the only fully-editable rules.	Benutzerdefinierte Regeln werden von Administratoren von Vorlagen erstellt werden, und sind die einzigen vollständig editierbare Regeln.
coding_rules.custom_rule.activation_notice	Note: parameters of a custom rule are not customizable on rule activation, only during creation/edit.	Hinweis: Parameter einer benutzerdefinierten Regel sind nicht anpassbar auf die Aktivierung der Regel nur während der Erstellung / bearbeiten.
coding_rules.custom_rule.removal	Only custom rules may be deleted. When a custom rule is deleted, it is not removed from the SonarQube instance. Instead its status is set to "REMOVED", allowing relevant issues to continue to be displayed properly.	Nur benutzerdefinierte Regeln gelöscht werden. Wenn eine benutzerdefinierte Regel gelöscht wird, wird es nicht von der Sonarqube Instanz entfernt. Statt dessen Status wird auf „removed“, so dass relevante Fragen richtig angezeigt werden, um fortzufahren.
coding_rules.custom_rules	Custom Rules	benutzerdefinierte Regeln
coding_rules.deactivate_in_quality_profile	Deactivate In Quality Profile	Deaktivieren In Qualitätsprofil
coding_rules.delete_rule	Delete Rule	Regel löschen
coding_rules.delete.custom.confirm	Are you sure you want to delete custom rule "{0}"?	Sind Sie sicher, dass Sie benutzerdefinierte Regel löschen? „{0}“?
coding_rules.extend_description	Extend Description	Extend Beschreibung
coding_rules.deactivate_in	Deactivate In	deaktivieren In
coding_rules.deactivate	Deactivate	Deaktivieren
coding_rules.deactivate.confirm	Are you sure you want to deactivate this rule in the profile?	Sind Sie sicher, dass Sie diese Regel im Profil deaktivieren?
coding_rules.deactivate_in_all_quality_profiles	Deactivate In All {0} Profiles	Deaktivieren In Alle {0} Profile
coding_rules.inherits	{0} inherits from "{1}"	{0} erbt von "{1}"
coding_rules.issues	Issues	Probleme
coding_rules.issues.only_main_branches	Only issues from the main project branches are included.	Nur Fragen von den wichtigsten Projektzweige sind enthalten.
coding_rules.most_violating_projects	Most Violating Projects	Die meisten Verletzen Projekte
coding_rules.need_extend_or_copy	Rules in built-in Quality Profiles can't be changed. You can create a customizable Quality Profile based on a built-in one by Copying or Extending it in the Quality Profiles list.	Regeln in integrierten Quality Profilen können nicht geändert werden. Sie können eine anpassbare Qualitätsprofil auf einem integrierten in einer durch Kopieren oder erweitern es in der Qualitätsprofile Liste basiert erstellen.
coding_rules.no_results	No Coding Rules	Keine Coding Rules
coding_rules.no_tags	No tags	Keine Tags
coding_rules.original	Original:	Original:
coding_rules.overrides	{0} overrides "{1}"	{0} Überschreibungen "{1}"
coding_rules.parameter.empty	(empty)	(leer)
coding_rules.parameters	Parameters	Parameter
coding_rules.parameters.default_value	Default Value:	Standardwert:
coding_rules.quality_profiles	Quality Profiles	Qualitätsprofile
coding_rules.quality_profiles.template_caption	This rule template was activated on the following profiles in previous versions of {instance}. It is not possible anymore to do so. Instead, please create a custom rule.	Diese Regelvorlage wurde auf folgende Profile in früheren Versionen von {instance} aktiviert. Es ist nicht mehr möglich, dies zu tun. Stattdessen erstellen Sie eine benutzerdefinierte Regel.
coding_rules.quality_profile	Quality Profile	Qualitätsprofil
coding_rules.reactivate	Reactivate	Reaktivieren
coding_rules.reactivate.help	A rule with the same key has been previously deleted. Please reactivate the existing rule or modify the key to create a new rule.	Eine Regel mit demselben Schlüssel wurde bereits gelöscht. Bitte aktivieren Sie die vorhandene Regel oder den Schlüssel ändern, um eine neue Regel zu erstellen.
coding_rules.return_to_list	Return to list	Zurück zur Liste
coding_rules.see_all	See all rules	Alle Regeln
coding_rules.remove_extended_description	Remove Extended Description	Entfernen Erweiterte Beschreibung
coding_rules.remove_extended_description.confirm	Are you sure you want to remove the extended description?	Sind Sie sicher, dass Sie die erweiterte Beschreibung entfernen?
coding_rules.repository_language	Rule repository (language)	Regel-Repository (Sprache)
coding_rules.revert_to_parent_definition	Revert to Parent Definition	Revert Übergeordnetes Definition
coding_rules.revert_to_parent_definition.confirm	This rule will be reverted to the parameters defined in profile {0}. Are you sure?	Diese Regel wird auf die Parameter im Profil definiert rückgängig gemacht werden {0}. Bist du sicher?
coding_rules.rule_template	Rule Template	Regelvorlage
coding_rules.rule_template.help	Rule Templates allow users to easily define their own rules. They are like cookie cutters from which you can stamp out new, "custom rules". The rules created from a template are listed on its rule detail page.	Regelvorlagen können Benutzer auf einfache Weise ihre eigenen Regeln definieren. Sie sind wie Ausstechformen, aus denen Sie neue ausmerzen können „benutzerdefinierte Regeln“. Die Regeln aus einer Vorlage erstellt werden, auf dessen Regel Detailseite aufgelistet.
coding_rules.rule_template.title	This rule can be used as a template to create custom rules, it cannot be activated on a profile	Diese Regel kann als Vorlage verwendet werden, um benutzerdefinierte Regeln zu erstellen, kann es nicht auf einem Profil aktiviert werden
coding_rules._rules	rules	Regeln
coding_rules.show_template	Show Template	Show Template
coding_rules.skip_to_filters	Skip to rules filters	Weiter zu den Regeln Filter
coding_rules.to_select_rules	to select rules	auszuwählen Regeln
coding_rules.type.tooltip.CODE_SMELL	Code Smell Detection Rule	Code Geruch Erkennungsregel
coding_rules.type.tooltip.BUG	Bug Detection Rule	Bug Erkennungsregel
coding_rules.type.tooltip.VULNERABILITY	Vulnerability Detection Rule	Vulnerability Erkennungsregel
coding_rules.type.tooltip.SECURITY_HOTSPOT	Security Hotspot Detection Rule	Sicherheits Hotspot Erkennungsregel
coding_rules.update_custom_rule	Update Custom Rule	Benutzerdefinierten Regel
coding_rules.filter_similar_rules	Filter Similar Rules	Filter ähnliche Regeln
		
coding_rules.filters.activation	Activation	Aktivierung
coding_rules.filters.activation.active	Active	Aktiv
coding_rules.filters.activation.active_rules	Active Rules	aktive Regeln
coding_rules.filters.activation.inactive	Inactive	Inaktiv
coding_rules.filters.activation.help	Activation criterion is available when a Quality Profile is selected	Aktivierungskriterium ist verfügbar, wenn ein Qualitätsprofil ausgewählt ist,
coding_rules.filters.active_severity	Active Severity	aktive Severity
coding_rules.filters.active_severity.inactive	Active severity criterion is available when a Quality Profile is selected	Aktive Schweres Kriterium ist verfügbar, wenn ein Qualitätsprofil ausgewählt ist,
coding_rules.filters.availableSince	Available Since	erhältlich seit
coding_rules.filters.characteristic	Characteristic	Charakteristisch
coding_rules.filters.description	Description	Beschreibung
coding_rules.filters.quality_profile	Quality Profile	Qualitätsprofil
coding_rules.filters.inheritance	Inheritance	Erbe
coding_rules.filters.inheritance.inactive	Inheritance criterion is available when an inherited Quality Profile is selected	Inheritance Kriterium ist verfügbar, wenn eine erbliche Qualität Profil ausgewählt
coding_rules.filters.inheritance.none	Not Inherited	nicht Inherited
coding_rules.filters.inheritance.inherited	Inherited	Vererbt
coding_rules.filters.inheritance.x_inherited_from_y	{0} inherited from "{1}"	{0} geerbt von "{1}"
coding_rules.filters.inheritance.overrides	Overridden	überschrieben
coding_rules.filters.key	Key	Schlüssel
coding_rules.filters.language	Language	Sprache
coding_rules.filters.language.inactive	Language criterion is only available when no Quality Profile is selected	Sprache Kriterium ist nur dann verfügbar, wenn kein Qualitätsprofil ausgewählt ist
coding_rules.filters.name	Name	Name
coding_rules.filters.repository	Repository	Repository
coding_rules.filters.severity	Severity	Schwere
coding_rules.filters.status	Status	Status
coding_rules.filters.tag	Tag	Etikett
coding_rules.filters.template	Templates	Vorlagen
coding_rules.filters.template.is_template	Show Templates Only	Vorlagen anzeigen Nur
coding_rules.filters.template.is_not_template	Hide Templates	ausblenden Vorlagen
		
coding_rules.facet.languages	Language	Sprache
coding_rules.facet.repositories	Repository	Repository
coding_rules.facet.tags	Tag	Etikett
coding_rules.facet.qprofile	Quality Profile	Qualitätsprofil
coding_rules.facet.qprofile.help	Quality Profiles are collections of Rules to apply during an analysis.	Qualitätsprofile sind Sammlungen von Regeln während einer Analyse anzuwenden.
coding_rules.facet.qprofile.link	See also: Quality Profiles	Siehe auch: Qualitätsprofile
coding_rules.facet.debt_characteristics	Characteristic	Charakteristisch
coding_rules.facet.severities	Default Severity	Standard Severity
coding_rules.facet.statuses	Status	Status
coding_rules.facet.available_since	Available Since	erhältlich seit
coding_rules.facet.inheritance	Inheritance	Erbe
coding_rules.facet.activationSeverities	Activation Severity	Die Aktivierung Severity
coding_rules.facet.template	Template	Vorlage
coding_rules.facet.rule_key	Rule	Regel
coding_rules.facet.types	Type	Art
		
coding_rules.facets.languages	Languages	Sprachen
coding_rules.facets.tags	Tags	Stichworte
coding_rules.facets.repositories	Repositories	Aufbewahrungsort
coding_rules.facets.top	Top {0}	Top {0}
		
coding_rules.remediation_function	Remediation function	Remediation Funktion
coding_rules.remediation_function.LINEAR	Linear	Linear
coding_rules.remediation_function.LINEAR_OFFSET	Linear with offset	Linear mit Offset
coding_rules.remediation_function.CONSTANT_ISSUE	Constant/issue	Konstant / Ausgabe
coding_rules.remediation_function.coeff	Coeff	Koeff
coding_rules.remediation_function.offset	Offset	ausgleichen
coding_rules.remediation_function.constant	Constant	Konstante
		
coding_rules.external_rule.engine	Rule provided by an external rule engine: {0}	Regel zur Verfügung gestellt von einem externen Regelmaschine: {0}
		
#------------------------------------------------------------------------------		
#		
# EMAIL CONFIGURATION		
#		
#------------------------------------------------------------------------------		
email_configuration.test.title	Test Configuration	Testkonfiguration
email_configuration.test.to_address	To	Zu
email_configuration.test.subject	Subject	Gegenstand
email_configuration.test.message	Message	Botschaft
email_configuration.test.message_text	This is a test message from SonarQube.	Dies ist eine Testnachricht von Sonarqube.
email_configuration.test.send	Send Test Email	Test Email senden
email_configuration.test.email_was_sent_to_x	Email was sent to {0}	E-Mail wurde an {0}
		
		
#------------------------------------------------------------------------------		
#		
# NOTIFICATIONS		
#		
#------------------------------------------------------------------------------		
notification.channel.EmailNotificationChannel	Email	Email
notification.dispatcher.information	A notification is never sent to the author of the event.	Eine Benachrichtigung wird nie an den Autor des Ereignisses gesendet.
notification.dispatcher.ChangesOnMyIssue	Changes in issues/hotspots assigned to me	Änderungen in Fragen / Hotspots mir zugewiesen
notification.dispatcher.NewIssues	New issues	Neuemissionen
notification.dispatcher.NewAlerts	Quality gate changes on all available projects	Quality Gate ändert sich auf allen verfügbaren Projekte
notification.dispatcher.NewFalsePositiveIssue	Issues resolved as false positive or won't fix	Probleme als falsch positiv aufgelöst oder nicht beheben
notification.dispatcher.SQ-MyNewIssues	My new issues	Meine neue Fragen
notification.dispatcher.CeReportTaskFailure	Background tasks in failure on my administered projects	Hintergrundaufgaben in Ausfall auf meine verwaltet Projekte
notification.dispatcher.CeReportTaskFailure.project	Background tasks in failure	Hintergrundaufgaben in Ausfall
		
		
#------------------------------------------------------------------------------		
#		
# ALERTS		
#		
#------------------------------------------------------------------------------		
		
alerts.operator.<	is less than	ist weniger als
alerts.operator.>	is greater than	ist größer als
alerts.operator.\	#NAME?	#NAME?
alerts.operator.!\	#ERROR!	#ERROR!
		
		
alert.tooltip.error	This is an error message.	Dies ist eine Fehlermeldung.
alert.tooltip.warning	This is a warning message.	Dies ist eine Warnmeldung.
alert.tooltip.success	This is a success message.	Dies ist eine Erfolgsmeldung.
alert.tooltip.info	This is an info message.	Dies ist eine Info-Meldung.
		
		
#------------------------------------------------------------------------------		
#		
# USER		
#		
#------------------------------------------------------------------------------		
user.password_doesnt_match_confirmation	Password doesn't match confirmation.	Kennwort keine Bestätigung entsprechen.
user.login_or_email_used_as_scm_account	Login and email are automatically considered as SCM accounts	Anmeldung und E-Mail werden als SCM-Konten automatisch berücksichtigt
user.x_deleted	{0} (deleted)	{0} (deleted)
		
login.login_to_sonarqube	Log In to SonarQube	Anmelden Um Sonarqube
login.login_or_signup_to_sonarcloud	Log in or Sign up to SonarCloud	Anmelden oder Registrieren um SonarCloud
login.login_with_x	Log in with {0}	Anmelden mit {0}
login.more_options	More options	Mehr Optionen
login.unauthorized_access_alert	You are not authorized to access this page. Please log in with more privileges and try again.	Sie sind nicht autorisiert auf diese Seite zuzugreifen. Bitte melden Sie sich mit mehr Privilegien und versuchen Sie es erneut.
login.with_x	With {0}	Mit {0}
		
unauthorized.message	You're not authorized to access this page. Please contact the administrator.	Sie sind nicht für den Zugriff auf diese Seite zugelassen. Bitte kontaktieren Sie den Administrator.
unauthorized.reason	Reason:	Grund:
		
#------------------------------------------------------------------------------		
#		
# USERS & GROUPS PAGE		
#		
#------------------------------------------------------------------------------		
users.add	Add user	Nutzer hinzufügen
users.remove	Remove user	Nutzer entfernen
users.remove.confirmation	Are you sure you want to remove user "{user}"?	Sind Sie sicher, dass Sie Benutzer entfernen? „{User}“?
users.search_description	Search users by login or name	Suche Benutzer nach Anmeldung oder Name
users.update	Update users	Update Benutzer
users.update_details	Update details	Details zum Update
		
groups.users.edit	Change group members	Ändern Gruppenmitglieder
groups.remove	Remove group	Gruppe entfernen
groups.remove.confirmation	Are you sure you want to remove group "{user}"?	Sind Sie sicher, dass Sie Gruppe entfernen möchten „{user}“?
		
#------------------------------------------------------------------------------		
#		
# MY PROFILE & MY ACCOUNT		
#		
#------------------------------------------------------------------------------		
my_profile.login	Login	Anmeldung
my_profile.email	Email	Email
my_profile.groups	Groups	Gruppen
my_profile.scm_accounts	SCM Accounts	SCM Accounts
my_profile.scm_accounts.tooltip	SCM accounts are used for automatic issue assignment. Login and email are automatically considered as SCM account.	SCM-Konten werden für die automatische Ausgabe Zuordnung verwendet. Anmeldung und E-Mail werden als SCM-Konto automatisch berücksichtigt.
my_profile.password.title	Enter a new password	Geben Sie ein neues Kennwort ein
my_profile.password.old	Old Password	Altes Passwort
my_profile.password.new	New Password	Neues Kennwort
my_profile.password.confirm	Confirm Password	Kennwort bestätigen
my_profile.password.changed	The password has been changed!	Das Passwort wurde geändert!
my_profile.notifications.submit	Save changes	Änderungen speichern
my_profile.overall_notifications.title	Overall notifications	insgesamt Meldungen
my_profile.sonarcloud_feature_notifications.title	SonarCloud new feature notifications	SonarCloud neue Feature-Benachrichtigungen
my_profile.sonarcloud_feature_notifications.description	Display a notification in the header when new features are deployed	Zeigen Sie eine Benachrichtigung in der Kopfzeile, wenn neue Funktionen bereitgestellt werden
my_profile.per_project_notifications.title	Notifications per project	Benachrichtigungen pro Projekt
my_profile.per_project_notifications.add	Add a project	Füge ein Projekt hinzu
my_profile.per_project_notifications.edit	Set notifications	Set-Benachrichtigungen
		
my_account.page	My Account	Mein Konto
my_account.notifications	Notifications	Benachrichtigungen
my_account.no_project_notifications	You have not set project notifications yet.	Sie haben keine Projektbenachrichtigungen noch festgelegt.
my_account.profile	Profile	Profil
my_account.security	Security	Sicherheit
my_account.tokens_description	If you want to enforce security by not providing credentials of a real {instance} user to run your code scan or to invoke web services, you can provide a User Token as a replacement of the user login. This will increase the security of your installation by not letting your analysis user's password going through your network.	Wenn Sie die Sicherheit erzwingen möchten, indem nicht-Anmeldeinformationen eines echten {instance} Benutzer bereitstellt Code Scan ausführen oder Web-Services aufzurufen, können Sie einen Benutzer-Token als Ersatz für die Benutzeranmeldung zur Verfügung stellen. Dadurch wird die Sicherheit Ihrer Anlage erhöhen, indem sie nicht Ihre Analyse Kennwort des Benutzers zu lassen über das Netzwerk gehen.
my_account.tokens_last_usage	Last use	Letzte Nutzung
my_account.projects	Projects	Projekte
my_account.projects.description	Those projects are the ones you are administering.	Diese Projekte sind die, die Sie verwalten.
my_account.projects.no_results	You are not administering any project yet.	Sie sind kein Projekt noch zu verwalten.
my_account.projects.analyzed_x	Analyzed {0}	Analysiert {0}
my_account.projects.never_analyzed	Never analyzed	nie analysiert
my_account.search_project	Search Project	Suche Projekt
my_account.set_notifications_for	Search a project by name	Suchen Sie ein Projekt mit Namen
my_account.set_notifications_for.title	Add a project	Füge ein Projekt hinzu
my_account.create_new.TRK	Add a project	Füge ein Projekt hinzu
my_account.create_new.VW	Create Portfolio	erstellen Portfolio
my_account.create_new.APP	Create Application	Anwendung erstellen
my_account.add_project	Add Project	Project
my_account.add_project.manual	Manually	Manuell
my_account.add_project.azure	Azure DevOps	Azure DevOps
my_account.add_project.bitbucket	Bitbucket	Bit Bucket
my_account.add_project.github	GitHub	GitHub
my_account.add_project.gitlab	GitLab	Gitlab
my_account.reset_password	Update your password	Aktualisieren Sie Ihr Passwort
my_account.reset_password.explain	This account should not use the default password.	Dieses Konto sollte nicht das Standard-Passwort verwenden.
		
my_account.create_new_project_portfolio_or_application	Analyze new project / Create new portfolio or application	Analysieren neues Projekt / Neues Portfolio oder Anwendung
		
		
#------------------------------------------------------------------------------		
#		
# PROJECT PROVISIONING		
#		
#------------------------------------------------------------------------------		
provisioning.no_analysis	No analysis has been performed since creation. The only available section is the configuration.	Keine Analyse wurde seit Schöpfung durchgeführt. Der einzige verfügbare Abschnitt ist die Konfiguration.
provisioning.no_analysis.delete	Either you should retry analysis or simply {link}.	Entweder Sie sollten Analyse wiederholen oder einfach {link}.
provisioning.no_analysis.delete_project	delete the project	Löschen Sie das Projekt
provisioning.no_analysis_on_main_branch	{branchName} branch has not been analyzed yet.	{} Branch Zweig wurde noch nicht analysiert.
provisioning.no_analysis_on_main_branch.bad_configuration	{branchName} branch has not been analyzed yet and you have multiple branches already. It looks like it is not your {branchType}, check your configuration.	{} Branch Zweig wurde noch nicht analysiert und Sie haben bereits mehrere Zweige. Es sieht aus wie es nicht Ihre {branchType} ist, überprüfen Sie die Konfiguration.
provisioning.only_provisioned	Only Provisioned	nur Provisioned
provisioning.only_provisioned.tooltip	Provisioned projects are projects that have been created, but have not been analyzed yet.	Provisioniert Projekte sind Projekte, die erstellt wurden, haben aber noch nicht analysiert worden.
provisioning.no_analysis.application	No analysis has been performed since creation. Analyze a project to see information here.	Keine Analyse wurde seit Schöpfung durchgeführt. Analysieren Sie ein Projekt Informationen hier zu sehen.
		
		
#------------------------------------------------------------------------------		
#		
# RULE SEVERITIES		
#		
#------------------------------------------------------------------------------		
		
severity.BLOCKER	Blocker	Blocker
severity.BLOCKER.description	Must be fixed immediately.	Muss sofort behoben werden.
severity.CRITICAL	Critical	Kritisch
severity.CRITICAL.description	Must be reviewed immediately and fixed soon.	Muss sofort und fixiert bald überprüft werden.
severity.MAJOR	Major	Haupt
severity.MAJOR.description	High potential for significant to moderate impact.	Hohe Potenzial für eine signifikanten bis moderaten Auswirkungen.
severity.MINOR	Minor	Geringer
severity.MINOR.description	Potential for moderate to minor impact.	Potential für mittlere bis geringe Auswirkungen.
severity.INFO	Info	Die Info
severity.INFO.description	Neither a bug nor a quality flaw. Just a finding.	Weder ein Fehler noch ein Qualitätsmangel. Nur eine Feststellung.
		
#------------------------------------------------------------------------------		
#		
# METRIC DOMAINS		
#		
#------------------------------------------------------------------------------		
		
metric_domain.Size	Size	Größe
metric_domain.Tests	Tests	Tests
metric_domain.Integration Tests	Integration Tests	Integrationstests
metric_domain.Complexity	Complexity	Komplexität
metric_domain.Documentation	Documentation	Dokumentation
metric_domain.Rules	Rules	Regeln
metric_domain.General	General	Allgemeines
metric_domain.Duplication	Duplication	Vervielfältigung
metric_domain.Design	Design	Design
metric_domain.SCM	SCM	SCM
metric_domain.Maintainability	Maintainability	Wartbarkeit
metric_domain.Releasability	Releasability	Trennbarkeit
metric_domain.Reliability	Reliability	Verlässlichkeit
metric_domain.Security	Security	Sicherheit
metric_domain.SecurityReview	Security Review	Security Review
metric_domain.Issues	Issues	Probleme
metric_domain.Duplications	Duplications	Vervielfältigungen
metric_domain.Coverage	Coverage	Berichterstattung
		
#--------------------------------------------------------------------------------------------------------------------		
#		
# METRIC TYPES		
#		
#--------------------------------------------------------------------------------------------------------------------		
		
metric.type.INT	Integer	Ganze Zahl
metric.type.FLOAT	Float	Schweben
metric.type.PERCENT	Percent	Prozent
metric.type.BOOL	Boolean	Boolean
metric.type.STRING	String	Schnur
metric.type.MILLISEC	Milliseconds	ms
metric.type.DATA	Data	Daten
metric.type.LEVEL	Level	Niveau
metric.type.DISTRIB	Distribution	Verteilung
metric.type.RATING	Rating	Wertung
metric.type.WORK_DUR	Work Duration	Arbeitsdauer
		
metric.level.ERROR	Failed	Gescheitert
metric.level.WARN	Warning	Warnung
metric.level.OK	Passed	Bestanden
metric.level.NONE	None	Keiner
		
#------------------------------------------------------------------------------		
#		
# METRICS		
#		
#------------------------------------------------------------------------------		
		
metric.abstractness.description	Abstractness	Abstraktheit
metric.abstractness.name	Abstractness	Abstraktheit
metric.accessors.description	Accessors	Accessoren
metric.accessors.name	Accessors	Accessoren
metric.alert_status.description	The project status with regard to its quality gate.	Der Projektstatus hinsichtlich seiner Qualität Tor.
metric.alert_status.name	Quality Gate Status	Quality Gate-Status
metric.authors_by_line.description	Authors by line	Autoren für Zeile
metric.authors_by_line.name	Authors by Line	Autoren von Line
metric.blocker_violations.description	Blocker issues	Blocker Fragen
metric.blocker_violations.name	Blocker Issues	Blocker Probleme
metric.branch_coverage.description	Condition coverage	Bedingungsüberdeckung
metric.branch_coverage.name	Condition Coverage	Condition Coverage
metric.bugs.description	Bugs	Bugs
metric.bugs.name	Bugs	Bugs
metric.ca.description	Afferent couplings	afferent Kupplungen
metric.ca.name	Afferent Couplings	afferent Kupplungen
metric.ce.description	Efferent couplings	efferente Kupplungen
metric.ce.name	Efferent Couplings	efferente Kupplungen
metric.classes.description	Classes	Klassen
metric.classes.name	Classes	Klassen
metric.class_complexity.description	Complexity average by class	Komplexität Durchschnitt nach Klasse
metric.class_complexity.name	Complexity / Class	Komplexität / Klasse
metric.class_complexity_distribution.description	Classes distribution /complexity	Klassen Verteilung / Komplexität
metric.class_complexity_distribution.name	Class Distribution / Complexity	Klassenverteilung / Complexity
metric.code_smells.description	Code Smells	Code Smells
metric.code_smells.name	Code Smells	Code Smells
metric.cognitive_complexity.description	Cognitive complexity	kognitive Komplexität
metric.cognitive_complexity.name	Cognitive Complexity	kognitive Komplexität
metric.commented_out_code_lines.description	Commented lines of code	Kommentiert Codezeilen
metric.commented_out_code_lines.name	Commented-Out LOC	Kommentiert-Out LOC
metric.comment_blank_lines.description	Comments that do not contain comments	Kommentare, die nicht enthalten Kommentare
metric.comment_blank_lines.name	Blank Comments	blank Kommentare
metric.comment_lines.description	Number of comment lines	Anzahl der Kommentarzeilen
metric.comment_lines.name	Comment Lines	Kommentarzeilen
metric.comment_lines_density.description	Comments balanced by ncloc + comment lines	Kommentare ausgeglichen durch ncloc + Kommentarzeilen
metric.comment_lines_density.name	Comments (%)	Bemerkungen (%)
metric.comment_lines_density.short_name	Comments	Bemerkungen
metric.complexity.description	Cyclomatic complexity	Zyklomatische Komplexität
metric.complexity.name	Cyclomatic Complexity	Zyklomatische Komplexität
metric.complexity_in_classes.description	Cyclomatic complexity in classes	Zyklomatische Komplexität in Klassen
metric.complexity_in_classes.name	Complexity in Classes	Komplexität der Klassen
metric.complexity_in_functions.description	Cyclomatic complexity in functions	Zyklomatische Komplexität in Funktionen
metric.complexity_in_functions.name	Complexity in Functions	Komplexität in Funktionen
metric.conditions_by_line.description	Conditions by line	Bedingungen für Zeile
metric.conditions_by_line.name	Conditions by Line	Bedingungen von Line
metric.conditions_to_cover.description	Conditions to cover	Bedingungen Abdeckung
metric.conditions_to_cover.name	Conditions to Cover	Bedingungen zur Deckung
metric.confirmed_issues.description	Confirmed issues	bestätigte Fragen
metric.confirmed_issues.name	Confirmed Issues	bestätigte Probleme
metric.coverage.description	Coverage by tests	Coverage durch Tests
metric.coverage.name	Coverage	Berichterstattung
metric.coverage_line_hits_data.description	Coverage hits by line	Coverage Treffer für Zeile
metric.coverage_line_hits_data.name	Coverage Hits by Line	Coverage Hits von Line
metric.covered_conditions.description	Covered conditions	Covered Bedingungen
metric.covered_conditions.name	Covered Conditions	Covered Bedingungen
metric.covered_conditions_by_line.description	Covered conditions by line	Covered Bedingungen für Zeile
metric.covered_conditions_by_line.name	Covered Conditions by Line	Covered Bedingungen von Line
metric.covered_lines.description	Covered lines	Covered Linien
metric.covered_lines.name	Covered Lines	Covered-Linien
metric.critical_violations.description	Critical issues	Kritische Fragen
metric.critical_violations.name	Critical Issues	Kritische Fragen
metric.development_cost.description	Development cost	Entwicklungskosten
metric.development_cost.name	Development Cost	Entwicklungskosten
metric.directories.description	Directories	Verzeichnisse
metric.directories.name	Directories	Verzeichnisse
metric.distance.description	Distance	Entfernung
metric.distance.name	Distance	Entfernung
metric.dit.description	Depth in Inheritance Tree	Tiefe in Vererbungsbaum
metric.dit.name	Depth in Tree	Tiefe im Baum
metric.dsm.description	Dependency Matrix	Dependency Matrix
metric.dsm.name	Dependency Matrix	Dependency Matrix
metric.duplicated_blocks.description	Duplicated blocks	duplizierten Blöcke
metric.duplicated_blocks.name	Duplicated Blocks	duplizierten Blöcke
metric.duplicated_files.description	Duplicated files	duplizierten Dateien
metric.duplicated_files.name	Duplicated Files	Doppelte Dateien
metric.duplicated_lines.description	Duplicated lines	duplizierte Linien
metric.duplicated_lines.name	Duplicated Lines	duplizierte Linien
metric.duplicated_lines_density.description	Duplicated lines balanced by statements	Duplizierte Linien durch Aussagen ausgewogen
metric.duplicated_lines_density.name	Duplicated Lines (%)	Duplizierten Lines (%)
metric.duplicated_lines_density.short_name	Duplications	Vervielfältigungen
metric.duplicated_lines_density.extra_short_name	Density	Dichte
metric.duplications_data.description	Duplications details	Vervielfältigungen Details
metric.duplications_data.name	Duplication Details	Eine Vervielfältigung Einzelheiten
metric.efficiency.description	Efficiency	Wirksamkeit
metric.efficiency.name	Efficiency	Wirksamkeit
metric.effort_to_reach_maintainability_rating_a.description	Effort to reach maintainability rating A	Aufwand zu erreichen Wartbarkeit Klasse A
metric.effort_to_reach_maintainability_rating_a.name	Effort to Reach Maintainability Rating A	Aufwand zu erreichen Wartbarkeit Bewertung A
metric.effort_to_reach_maintainability_rating_a.extra_short_name	Effort to Reach A	Anstrengung zu erreichen A
metric.false_positive_issues.description	False positive issues	Falsch positive Fragen
metric.false_positive_issues.name	False Positive Issues	Falsch Positive Fragen
metric.files.description	Number of files	Anzahl der Dateien
metric.files.name	Files	Dateien
metric.file_complexity.description	Complexity average by file	Komplexität durchschnittlich Datei
metric.file_complexity.name	Complexity / File	Komplexität / Datei
metric.file_complexity_distribution.description	Files distribution /complexity	Dateien Verteilung / Komplexität
metric.file_complexity_distribution.name	File Distribution / Complexity	Dateiverteilung / Complexity
metric.file_cycles.description	File cycles	Datei-Zyklen
metric.file_cycles.name	File Cycles	Datei-Cycles
metric.file_edges_weight.description	File edges weight	Datei-Kanten Gewicht
metric.file_edges_weight.name	File Edges Weight	Datei-Kanten Gewicht
metric.file_feedback_edges.description	Suspect file dependencies	Suspect Dateiabhängigkeiten
metric.file_feedback_edges.name	Suspect File Dependencies	Suspect Dateiabhängigkeiten
metric.file_tangles.description	Files tangles	Dateien Verwicklungen
metric.file_tangles.name	File Tangles	Datei Tangles
metric.file_tangle_index.description	File tangle index	Datei-Gewirr Index
metric.file_tangle_index.name	File Tangle Index	Datei Tangle Index
metric.functions.description	Functions	Funktionen
metric.functions.name	Functions	Funktionen
metric.function_complexity.description	Complexity average by function	Komplexität durchschnittlich Funktion
metric.function_complexity.name	Complexity / Function	Komplexität / Funktion
metric.function_complexity_distribution.description	Functions distribution /complexity	Funktionen Verteilung / Komplexität
metric.function_complexity_distribution.name	Function Distribution / Complexity	Funktion Distribution / Complexity
metric.generated_lines.description	Number of generated lines	Anzahl der erzeugten Linien
metric.generated_lines.name.suffix	generated lines	erzeugten Linien
metric.generated_lines.name	Generated Lines	erzeugten Linien
metric.generated_ncloc.description	Generated non Commenting Lines of Code	Erzeugt nicht kommentierte Codezeilen
metric.generated_ncloc.name.suffix	generated lines of code	erzeugten Codezeilen
metric.generated_ncloc.name	Generated Lines of Code	Erzeugt Lines of Code
metric.has_rating_X	Has rating: {0}	Hat Wertung: {0}
metric.no_rating	Has no rating	Hat keine Bewertung
metric.info_violations.description	Info issues	Info Fragen
metric.info_violations.name	Info Issues	Info Fragen
metric.instability.description	Instability	Instabilität
metric.instability.name	Instability	Instabilität
metric.it_branch_coverage.description	Condition coverage by integration tests	Bedingungsüberdeckung durch Integrationstests
metric.it_branch_coverage.name	IT Condition Coverage	IT Zustand Coverage
metric.it_conditions_by_line.description	IT conditions by line	IT Bedingungen für Zeile
metric.it_conditions_by_line.name	IT Conditions by Line	IT Bedingungen von Line
metric.it_conditions_to_cover.description	Conditions to cover by integration tests	Bedingungen Abdeckung durch Integrationstests
metric.it_conditions_to_cover.name	IT Conditions to Cover	IT Bedingungen zu decken
metric.it_coverage.description	Integration tests coverage	Integrationstests Berichterstattung
metric.it_coverage.name	IT Coverage	IT-Coverage
metric.it_coverage_line_hits_data.description	Coverage hits by line by integration tests	Coverage trifft durch die Linie von Integrationstests
metric.it_coverage_line_hits_data.name	IT Coverage Hits by Line	IT-Coverage Hits von Line
metric.it_covered_conditions_by_line.description	IT covered conditions by line	IT abgedeckt Bedingungen für Zeile
metric.it_covered_conditions_by_line.name	IT Covered Conditions by Line	IT Covered Bedingungen von Line
metric.it_lines_to_cover.description	Lines to cover by integration tests	Linien Abdeckung durch Integrationstests
metric.it_lines_to_cover.name	IT Lines to Cover	IT Lines Abdeckung
metric.it_line_coverage.description	Line coverage by integration tests	Zeilenüberwachung durch Integrationstests
metric.it_line_coverage.name	IT Line Coverage	IT-Line-Coverage
metric.it_uncovered_conditions.description	Uncovered conditions by integration tests	Ungedeckte Bedingungen durch Integrationstests
metric.it_uncovered_conditions.name	IT Uncovered Conditions	IT Uncovered Bedingungen
metric.it_uncovered_lines.description	Uncovered lines by integration tests	Ungedeckte Linien durch Integrationstests
metric.it_uncovered_lines.name	IT Uncovered Lines	IT Uncovered Linien
metric.last_commit_date.name	Date of Last Commit	Datum der letzten Commit
metric.last_commit_datetimes_by_line.description	Last commit dates by line	Letzte begehen Daten für Zeile
metric.last_commit_datetimes_by_line.name	Last Commit Dates by Line	Commit Letzte Daten von Line
metric.lcom4.description	Lack of Cohesion of Functions	Mangel an Zusammenhalt der Funktionen
metric.lcom4.name	LCOM4	LCOM4
metric.lcom4_blocks.description	LCOM4 blocks	LCOM4 Blöcke
metric.lcom4_blocks.name	LCOM4 Blocks	LCOM4 Blocks
metric.lcom4_distribution.description	Class distribution /LCOM4	Klassenverteilung / LCOM4
metric.lcom4_distribution.name	Class Distribution / LCOM4	Klassenverteilung / LCOM4
metric.lines.description	Lines	Linien
metric.lines.name	Lines	Linien
metric.lines_to_cover.description	Lines to cover	Linien Abdeckung
metric.lines_to_cover.name	Lines to Cover	Linien zur Deckung
metric.line_coverage.description	Line coverage	Zeilenüberwachung
metric.line_coverage.name	Line Coverage	Line-Coverage
metric.maintainability.description	Maintainability	Wartbarkeit
metric.maintainability.name	Maintainability	Wartbarkeit
metric.major_violations.description	Major issues	Große Probleme
metric.major_violations.name	Major Issues	Große Probleme
metric.minor_violations.description	Minor issues	Kleinere Probleme
metric.minor_violations.name	Minor Issues	Kleinere Probleme
metric.ncloc.name	Lines of Code	Zeilen von Code
metric.ncloc.description	Non commenting lines of code	Nicht kommentieren Codezeilen
metric.ncloc_language_distribution.description	Non Commenting Lines of Code Distributed By Language	Nicht kommentieren Codezeilen von Sprache Distributed
metric.ncloc_language_distribution.name	Lines of Code Per Language	Codezeilen pro Sprache
metric.new_blocker_violations.description	New Blocker issues	New Blocker Fragen
metric.new_blocker_violations.name	New Blocker Issues	New Blocker Probleme
metric.new_branch_coverage.description	Condition coverage of new/changed code	Zustand Berichterstattung über neue / geänderte Code
metric.new_branch_coverage.name	Condition Coverage on New Code	Condition Coverage auf Neuen Code
metric.new_branch_coverage.extra_short_name	Condition Coverage	Condition Coverage
metric.new_bugs.description	New Bugs	neue Bugs
metric.new_bugs.name	New Bugs	neue Bugs
metric.new_bugs.short_name	Bugs	Bugs
metric.new_code_smells.description	New Code Smells	Neuer Code Smells
metric.new_code_smells.name	New Code Smells	Neuer Code Smells
metric.new_code_smells.short_name	Code Smells	Code Smells
metric.new_conditions_to_cover.description	Conditions to cover on new code	Bedingungen Abdeckung auf neuen Code
metric.new_conditions_to_cover.name	Conditions to Cover on New Code	Bedingungen Abdeckung auf Neuen Code
metric.new_conditions_to_cover.extra_short_name	Conditions to Cover	Bedingungen zur Deckung
metric.new_coverage.description	Coverage of new/changed code	Abdeckung der neuen / geänderten Code
metric.new_coverage.name	Coverage on New Code	Coverage auf Neuen Code
metric.new_coverage.short_name	Coverage	Berichterstattung
metric.new_critical_violations.description	New Critical issues	Neue kritische Fragen
metric.new_critical_violations.name	New Critical Issues	New Critical Issues
metric.new_development_cost.description	Development cost on new code	Entwicklungskosten für neuen Code
metric.new_development_cost.name	Development Cost on New Code	Entwicklungskosten auf Neuen Code
metric.new_duplicated_blocks.name	Duplicated Blocks on New Code	Duplizierte Blöcke auf Neuen Code
metric.new_duplicated_blocks.extra_short_name	Duplicated Blocks	duplizierten Blöcke
metric.new_duplicated_blocks.description	Duplicated blocks on new code	Duplizierte Blöcke auf neuen Code
metric.new_duplicated_lines.name	Duplicated Lines on New Code	Duplizierte Linien auf Neuen Code
metric.new_duplicated_lines.extra_short_name	Duplicated Lines	duplizierte Linien
metric.new_duplicated_lines.description	Duplicated Lines on New Code	Duplizierte Linien auf Neuen Code
metric.new_duplicated_lines_density.description	Duplicated lines (%) on new code balanced by statements	Duplizierte Linien (%) auf neuen Code durch Aussagen ausgewogen
metric.new_duplicated_lines_density.name	Duplicated Lines (%) on New Code	Duplizierten Lines (%) auf Neuen Code
metric.new_duplicated_lines_density.short_name	Duplications	Vervielfältigungen
metric.new_duplicated_lines_density.extra_short_name	Density	Dichte
metric.new_info_violations.description	New Info issues	Fragen Neue Info
metric.new_info_violations.name	New Info Issues	Neue Info Fragen
metric.new_it_branch_coverage.description	Integration tests condition coverage of new/changed code	Integrationstests Bedingung Berichterstattung über neue / geänderte Code
metric.new_it_branch_coverage.name	Condition Coverage by IT on New Code	Condition Coverage von IT auf Neuen Code
metric.new_it_conditions_to_cover.description	New conditions to cover by integration tests	Neue Bedingungen Abdeckung durch Integrationstests
metric.new_it_conditions_to_cover.name	Conditions to Cover by IT on New Code	Bedingungen zur Abdeckung von IT auf Neuen Code
metric.new_it_coverage.description	Integration tests coverage of new/changed code	Integrationstests Berichterstattung über neue / geänderte Code
metric.new_it_coverage.name	Coverage by IT on New Code	Die Deckung durch die IT auf Neuen Code
metric.new_it_lines_to_cover.description	Lines to cover on new code by integration tests	Linien Abdeckung auf neuen Code durch Integrationstests
metric.new_it_lines_to_cover.name	Lines to Cover by IT on New Code	Linien zur Deckung von IT auf Neuen Code
metric.new_it_line_coverage.description	Integration tests line coverage of added/changed code	Integrationstests Linie Abdeckung hinzugefügt / geändert Code
metric.new_it_line_coverage.name	Line Coverage by IT on New Code	Line-Coverage von IT auf Neuen Code
metric.new_it_uncovered_conditions.description	New conditions that are not covered by integration tests	Neue Bedingungen, die durch Integrationstests nicht erfasst werden
metric.new_it_uncovered_conditions.name	Uncovered Conditions by IT on New Code	Ungedeckte Bedingungen von IT auf Neuen Code
metric.new_it_uncovered_lines.description	New lines that are not covered by integration tests	Neue Linien, die durch Integrationstests nicht erfasst werden
metric.new_it_uncovered_lines.name	Uncovered Lines by IT on New Code	Uncovered-Linien von IT auf Neuen Code
metric.new_lines_to_cover.description	Lines to cover on new code	Linien Abdeckung auf neuen Code
metric.new_lines_to_cover.name	Lines to Cover on New Code	Linien zur Deckung auf Neuen Code
metric.new_lines_to_cover.extra_short_name	Lines to Cover	Linien zur Deckung
metric.new_line_coverage.description	Line coverage of added/changed code	Zeilenüberwachung von hinzugefügt / geändert Code
metric.new_line_coverage.name	Line Coverage on New Code	Line-Coverage auf Neuen Code
metric.new_line_coverage.extra_short_name	Line Coverage	Line-Coverage
metric.new_maintainability_rating.description	Maintainability rating on new code	Wartbarkeit Bewertung auf neuen Code
metric.new_maintainability_rating.name	Maintainability Rating on New Code	Wartbarkeit Rating auf Neuen Code
metric.new_maintainability_rating.extra_short_name	Rating	Wertung
metric.new_major_violations.description	New Major issues	Neue Hauptfragen
metric.new_major_violations.name	New Major Issues	Neue wichtige Fragen
metric.new_minor_violations.description	New Minor issues	New Kleinere Probleme
metric.new_minor_violations.name	New Minor Issues	New Kleinere Probleme
metric.new_lines.name	New Lines	neue Linien
metric.new_lines.description	New lines	neue Linien
metric.new_lines.short_name	Lines	Linien
metric.new_overall_branch_coverage.description	Condition coverage of new/changed code by all tests	Zustand Berichterstattung über neue / geänderte Code von allen Tests
metric.new_overall_branch_coverage.name	Overall Condition Coverage on New Code	Gesamtzustand Coverage auf Neuen Code
metric.new_overall_conditions_to_cover.description	New conditions to cover by all tests	Neue Bedingungen Abdeckung von allen Tests
metric.new_overall_conditions_to_cover.name	Overall Conditions to Cover on New Code	Insgesamt Bedingungen Abdeckung auf Neuen Code
metric.new_overall_coverage.description	Overall coverage of new/changed code	Gesamtabdeckung des neuen / geänderten Code
metric.new_overall_coverage.name	Overall Coverage on New Code	Insgesamt Coverage auf Neuen Code
metric.new_overall_lines_to_cover.description	New lines to cover by all tests	Neue Linien von allen Tests Abdeckung
metric.new_overall_lines_to_cover.name	Overall Lines to Cover on New Code	Insgesamt Lines Abdeckung auf Neuen Code
metric.new_overall_line_coverage.description	Line coverage of added/changed code by all tests	Zeilenüberwachung von hinzugefügt / geändert Code von allen Tests
metric.new_overall_line_coverage.name	Overall Line Coverage on New Code	Insgesamt Linie Coverage auf Neuen Code
metric.new_overall_uncovered_conditions.description	New conditions that are not covered by any test	Neue Bedingungen, die von jedem Test nicht abgedeckt sind
metric.new_overall_uncovered_conditions.name	Overall Uncovered Conditions on New Code	Insgesamt Uncovered Bedingungen auf Neuen Code
metric.new_overall_uncovered_lines.description	New lines that are not covered by any tests	Neue Linien, die von irgendwelchen Tests nicht abgedeckt sind
metric.new_overall_uncovered_lines.name	Overall Uncovered Lines on New Code	Insgesamt Uncovered Linien auf Neuen Code
metric.new_reliability_rating.description	Reliability rating on new code	Zuverlässigkeitswert für neuen Code
metric.new_reliability_rating.name	Reliability Rating on New Code	Zuverlässigkeit Rating auf Neuen Code
metric.new_reliability_rating.extra_short_name	Rating	Wertung
metric.new_reliability_remediation_effort.description	Reliability remediation effort on new code	Zuverlässigkeit Sanierungsaufwand auf neuen Code
metric.new_reliability_remediation_effort.name	Reliability Remediation Effort on New Code	Zuverlässigkeit Remediation Effort auf Neuen Code
metric.new_reliability_remediation_effort.extra_short_name	Remediation Effort	Remediation Effort
metric.new_security_hotspots.description	New Security Hotspots	Neue Sicherheits Hotspots
metric.new_security_hotspots.name	New Security Hotspots	Neue Sicherheits Hotspots
metric.new_security_hotspots.short_name	Security Hotspots	Sicherheits Hotspots
metric.new_security_hotspots_reviewed.description	Percentage of Security Hotspots Reviewed on New Code	Prozentualer Anteil der Sicherheits Hotspots Bewerten auf Neuen Code
metric.new_security_hotspots_reviewed.name	Security Hotspots Reviewed on New Code	Sicherheits Hotspots Bewerten auf Neuen Code
metric.new_security_hotspots_reviewed.short_name	Security Hotspots Reviewed	Sicherheits Hotspots Bewertet
metric.new_security_hotspots_reviewed_status.description	Security Review Reviewed Status on New Code	Security Review Bewerten Status auf Neuen Code
metric.new_security_hotspots_reviewed_status.name	Security Review Reviewed Status on New Code	Security Review Bewerten Status auf Neuen Code
metric.new_security_hotspots_to_review_status.description	Security Review To Review Status on New Code	Security Review zu Überprüfungsstatus auf Neuen Code
metric.new_security_hotspots_to_review_status.name	Security Review To Review Status on New Code	Security Review zu Überprüfungsstatus auf Neuen Code
metric.new_security_rating.description	Security rating on new code	Sicherheitsbewertung auf neuen Code
metric.new_security_rating.name	Security Rating on New Code	Security Rating auf Neuen Code
metric.new_security_rating.extra_short_name	Rating	Wertung
metric.new_security_remediation_effort.description	Security remediation effort on new code	Sicherheitssanierungsaufwand auf neuen Code
metric.new_security_remediation_effort.name	Security Remediation Effort on New Code	Sicherheit Remediation Effort auf Neuen Code
metric.new_security_remediation_effort.extra_short_name	Remediation Effort	Remediation Effort
metric.new_security_review_rating.description	Security Review Rating on New Code	Security Review Rating auf Neuen Code
metric.new_security_review_rating.name	Security Review Rating on New Code	Security Review Rating auf Neuen Code
metric.new_security_review_rating.extra_short_name	Rating	Wertung
metric.new_sqale_debt_ratio.description	Technical Debt Ratio of new/changed code.	Technische Schuldenquote von neuen / geänderten Code.
metric.new_sqale_debt_ratio.name	Technical Debt Ratio on New Code	Technische Schuldenquote auf Neuen Code
metric.new_sqale_debt_ratio.short_name	Debt Ratio on new code	Schuldenquote auf neuen Code
metric.new_sqale_debt_ratio.extra_short_name	Debt Ratio	Schuldenquote
metric.new_technical_debt.description	Added technical debt	Hinzugefügt technische Schulden
metric.new_technical_debt.name	Added Technical Debt	Added Technische Schulden
metric.new_technical_debt.short_name	Added Debt	Added Schulden
metric.new_technical_debt.extra_short_name	Debt	Schuld
metric.new_uncovered_conditions.description	Uncovered conditions on new code	Ungedeckte Bedingungen auf neuen Code
metric.new_uncovered_conditions.name	Uncovered Conditions on New Code	Ungedeckte Bedingungen auf Neuen Code
metric.new_uncovered_conditions.extra_short_name	Uncovered Conditions	ungedeckte Bedingungen
metric.new_uncovered_lines.description	Uncovered lines on new code	Ungedeckte Linien auf neuen Code
metric.new_uncovered_lines.name	Uncovered Lines on New Code	Ungedeckte Linien auf Neuen Code
metric.new_uncovered_lines.extra_short_name	Uncovered Lines	ungedeckte Linien
metric.new_violations.description	New issues	Neuemissionen
metric.new_violations.name	New Issues	Neuheiten
metric.new_vulnerabilities.description	New Vulnerabilities	neue Anfälligkeiten
metric.new_vulnerabilities.name	New Vulnerabilities	neue Anfälligkeiten
metric.new_vulnerabilities.short_name	Vulnerabilities	Vulnerabilities
metric.noc.description	Number of Children	Anzahl der Kinder
metric.noc.name	Number of Children	Anzahl der Kinder
metric.open_issues.description	Open issues	Offene Punkte
metric.open_issues.name	Open Issues	Offene Punkte
metric.overall_branch_coverage.description	Condition coverage by all tests	Bedingungsüberdeckung von allen Tests
metric.overall_branch_coverage.name	Overall Condition Coverage	Gesamtzustand Coverage
metric.overall_conditions_by_line.description	Overall conditions by all tests and by line	Insgesamt Bedingungen von allen Tests und durch die Linie
metric.overall_conditions_by_line.name	Overall Conditions by Line	Insgesamt Bedingungen von Line
metric.overall_conditions_to_cover.description	Conditions to cover by all tests	Bedingungen Abdeckung von allen Tests
metric.overall_conditions_to_cover.name	Overall Conditions to Cover	Insgesamt Bedingungen zur Deckung
metric.overall_coverage.description	Overall test coverage	Testabdeckung
metric.overall_coverage.name	Overall Coverage	insgesamt Coverage
metric.overall_coverage_line_hits_data.description	Coverage hits by all tests and by line	Coverage Treffer durch alle Tests und durch die Linie
metric.overall_coverage_line_hits_data.name	Overall Coverage Hits by Line	Insgesamt Coverage Zugriffe von Line
metric.overall_covered_conditions_by_line.description	Overall covered conditions by all tests and by line	Insgesamt überdachte Bedingungen von allen Tests und durch die Linie
metric.overall_covered_conditions_by_line.name	Overall Covered Conditions by Line	Insgesamt Covered Bedingungen von Line
metric.overall_lines_to_cover.description	Lines to cover by all tests	Linien Abdeckung von allen Tests
metric.overall_lines_to_cover.name	Overall Lines to Cover	Insgesamt Linien zur Deckung
metric.overall_line_coverage.description	Line coverage by all tests	Line-Berichterstattung von allen Tests
metric.overall_line_coverage.name	Overall Line Coverage	Insgesamt Linie Coverage
metric.overall_uncovered_conditions.description	Uncovered conditions by all tests	Ungedeckte Bedingungen von allen Tests
metric.overall_uncovered_conditions.name	Overall Uncovered Conditions	Insgesamt Uncovered Bedingungen
metric.overall_uncovered_lines.description	Uncovered lines by all tests	Ungedeckte Linien von allen Tests
metric.overall_uncovered_lines.name	Overall Uncovered Lines	Insgesamt Uncovered Linien
metric.packages.description	Packages	Pakete
metric.packages.name	Packages	Pakete
metric.package_cycles.description	Package cycles	Paketzyklen
metric.package_cycles.name	Package Cycles	Package Cycles
metric.package_edges_weight.description	Package edges weight	Paketkanten Gewicht
metric.package_edges_weight.name	Package Edges Weight	Package Kanten Gewicht
metric.package_feedback_edges.description	Package dependencies to cut	Paketabhängigkeiten zu schneiden
metric.package_feedback_edges.name	Package Dependencies to Cut	Paketabhängigkeiten zu Cut
metric.package_tangles.description	File dependencies to cut	Dateiabhängigkeiten zu schneiden
metric.package_tangles.name	File Dependencies to Cut	Dateiabhängigkeiten zu Cut
metric.package_tangle_index.description	Package tangle index	Paket Gewirr Index
metric.package_tangle_index.name	Package Tangle Index	Package Tangle Index
metric.portability.description	Portability	Portabilität
metric.portability.name	Portability	Portabilität
metric.profile.description	Selected Quality Profile	Ausgewählte Qualitätsprofil
metric.profile.name	Profile	Profil
metric.profile_version.description	Selected Quality Profile version	Ausgewählte Qualitätsprofilversion
metric.profile_version.name	Profile Version	Profil Version
metric.projects.description	Number of projects	Anzahl der Projekte
metric.projects.name	Projects	Projekte
metric.public_api.description	Public API	öffentlicher API
metric.public_api.name	Public API	öffentlicher API
metric.public_documented_api_density.description	Public documented classes and functions balanced by ncloc	Öffentliche dokumentierten Klassen und Funktionen ausgeglichen durch ncloc
metric.public_documented_api_density.name	Public Documented API (%)	Öffentlicher Dokumentierte API (%)
metric.public_undocumented_api.description	Public undocumented classes, functions and variables	Öffentliche undokumentierte Klassen, Funktionen und Variablen
metric.public_undocumented_api.name	Public Undocumented API	Öffentliche Undocumented API
metric.quality_gate_details.description	The project detailed status with regard to its quality gate	Das Projekt detailliert Status hinsichtlich seiner Qualität Tor
metric.quality_gate_details.name	Quality Gate Details	Quality Gate-Details
metric.quality_profiles.description	Details of Quality Profiles used during analysis	Details der Qualitätsprofile während der Analyse verwendet
metric.quality_profiles.name	Profiles	Profile
metric.reliability.description	Reliability	Verlässlichkeit
metric.reliability.name	Reliability	Verlässlichkeit
metric.reliability_rating.description	Reliability rating	Zuverlässigkeit Bewertung
metric.reliability_rating.name	Reliability Rating	Zuverlässigkeit Rating
metric.reliability_rating.extra_short_name	Rating	Wertung
metric.reliability_rating.tooltip.A	Reliability rating is A when there are no bugs.	Zuverlässigkeit Rating ist A, wenn es keine Fehler gibt.
metric.reliability_rating.tooltip.B	Reliability rating is B when there is at least one minor bug.	Zuverlässigkeit Rating ist B, wenn mindestens ein kleiner Fehler ist.
metric.reliability_rating.tooltip.C	Reliability rating is C when there is at least one major bug.	Zuverlässigkeit Rating ist C, wenn es mindestens ein großer Fehler ist.
metric.reliability_rating.tooltip.D	Reliability rating is D when there is at least one critical bug.	Zuverlässigkeit Rating ist D, wenn es mindestens ein kritischer Fehler ist.
metric.reliability_rating.tooltip.E	Reliability rating is E when there is at least one blocker bug.	Zuverlässigkeit Rating ist E, wenn es mindestens ein Blocker Bug.
metric.reliability_remediation_effort.description	Reliability Remediation Effort	Zuverlässigkeit Remediation Effort
metric.reliability_remediation_effort.name	Reliability Remediation Effort	Zuverlässigkeit Remediation Effort
metric.reliability_remediation_effort.extra_short_name	Remediation Effort	Remediation Effort
metric.reopened_issues.description	Reopened issues	Reopened Fragen
metric.reopened_issues.name	Reopened Issues	Reopened Probleme
metric.revisions_by_line.description	Revisions by line	Revisionen durch die Linie
metric.revisions_by_line.name	Revisions by Line	Revisionen von Line
metric.rfc.description	Response for Class	Antwort für die Klasse
metric.rfc.name	Response for Class	Antwort für die Klasse
metric.rfc_distribution.description	Class distribution /RFC	Klassenverteilung / RFC
metric.rfc_distribution.name	Class Distribution / RFC	Klassenverteilung / RFC
metric.security_hotspots.description	Security Hotspots	Sicherheits Hotspots
metric.security_hotspots.full_description	Security-sensitive code that requires manual review to assess whether or not a vulnerability exists.	Sicherheitsempfindliche Code, die manuelle Überprüfung erfordert zu beurteilen, ob eine Sicherheitslücke existiert.
metric.security_hotspots.name	Security Hotspots	Sicherheits Hotspots
metric.security_hotspots_reviewed.description	Percentage of Security Hotspots Reviewed	Prozentualer Anteil der Sicherheits Hotspots Bewertet
metric.security_hotspots_reviewed.name	Security Hotspots Reviewed	Sicherheits Hotspots Bewertet
metric.security_hotspots_reviewed_status.description	Security Review Reviewed Status	Security Review-Status Bewertet
metric.security_hotspots_reviewed_status.name	Security Review Reviewed Status	Security Review-Status Bewertet
metric.security_hotspots_to_review_status.description	Security Review To Review Status	Sicherheitsbewertung erstellen Prüfungsstatus
metric.security_hotspots_to_review_status.name	Security Review To Review Status	Sicherheitsbewertung erstellen Prüfungsstatus
metric.security_rating.description	Security rating	Sicherheitseinstufung
metric.security_rating.name	Security Rating	Sicherheitseinstufung
metric.security_rating.extra_short_name	Rating	Wertung
metric.security_rating.tooltip.A	Security rating is A when there are no vulnerabilities.	Sicherheitsbewertung ist A, wenn es keine Schwachstellen sind.
metric.security_rating.tooltip.B	Security rating is B when there is at least one minor vulnerability.	Sicherheitsbewertung ist B, wenn es mindestens eine kleinere Verwundbarkeit ist.
metric.security_rating.tooltip.C	Security rating is C when there is at least one major vulnerability.	Sicherheitsbewertung ist C, wenn es mindestens eine größere Verwundbarkeit ist.
metric.security_rating.tooltip.D	Security rating is D when there is at least one critical vulnerability.	Sicherheitsbewertung ist D, wenn es mindestens eine kritische Sicherheitslücke ist.
metric.security_rating.tooltip.E	Security rating is E when there is at least one blocker vulnerability.	Sicherheitsbewertung ist E, wenn es mindestens ein Blocker Verwundbarkeit ist.
metric.security_remediation_effort.description	Security remediation effort	Sicherheitssanierungsaufwand
metric.security_remediation_effort.name	Security Remediation Effort	Sicherheit Remediation Effort
metric.security_remediation_effort.extra_short_name	Remediation Effort	Remediation Effort
metric.security_review_rating.description	Security Review Rating	Security Review Bewertung
metric.security_review_rating.name	Security Review Rating	Security Review Bewertung
metric.security_review_rating.extra_short_name	Rating	Wertung
metric.security_review_rating.tooltip.A	Security rating is A when at least 80% of Security Hotspots are reviewed.	Sicherheitsbewertung ist A, wenn mindestens 80% der Sicherheits Hotspots überprüft werden.
metric.security_review_rating.tooltip.B	Security rating is B when less than 80% of Security Hotspots are reviewed.	Sicherheitsbewertung ist B, wenn weniger als 80% der Sicherheits Hotspots überprüft werden.
metric.security_review_rating.tooltip.C	Security rating is C when less than 70% of Security Hotspots are reviewed.	Sicherheitsbewertung ist C, wenn weniger als 70% der Sicherheits Hotspots überprüft werden.
metric.security_review_rating.tooltip.D	Security rating is D when less than 50% of Security Hotspots are reviewed.	Sicherheitsbewertung ist D, wenn weniger als 50% der Sicherheits Hotspots überprüft werden.
metric.security_review_rating.tooltip.E	Security rating is E when less than 30% of Security Hotspots are reviewed.	Sicherheitsbewertung ist E, wenn weniger als 30% der Sicherheits Hotspots überprüft werden.
metric.skipped_tests.description	Number of skipped unit tests	Anzahl übersprungener Unit-Tests
metric.skipped_tests.name	Skipped Unit Tests	Übersprungenen Unit Tests
metric.skipped_tests.short_name	Skipped	übersprungenen
metric.sqale_debt_ratio.description	Ratio of the actual technical debt compared to the estimated cost to develop the whole source code from scratch	Verhältnis der tatsächlichen technischen Schulden im Vergleich zu den geschätzten Kosten den gesamten Quellcode von Grund auf neu zu entwickeln,
metric.sqale_debt_ratio.name	Technical Debt Ratio	Technische Schuldenquote
metric.sqale_debt_ratio.short_name	Debt Ratio	Schuldenquote
metric.sqale_index.description	Total effort (in hours) to fix all the issues on the component and therefore to comply to all the requirements.	Gesamtaufwand (in Stunden), um alle Fragen auf der Komponente zu fixieren und somit alle Anforderungen zu erfüllen.
metric.sqale_index.name	Technical Debt	Technische Schulden
metric.sqale_index.short_name	Debt	Schuld
metric.sqale_rating.description	A-to-E rating based on the technical debt ratio	A-to-E-Rating auf der technischen Schuldenquote basiert
metric.sqale_rating.name	Maintainability Rating	Wartbarkeit Bewertung
metric.sqale_rating.extra_short_name	Rating	Wertung
metric.sqale_rating.tooltip	Maintainability rating is {0} when the technical debt ratio is greater than {1}	Wartbarkeit Rating ist {0}, wenn die technische Schuldenquote größer als {1}
metric.sqale_rating.tooltip.A	Maintainability rating is A when the technical debt ratio is less than {0}	Wartbarkeit Rating ist A, wenn die technische Schuldenquote weniger als {0}
metric.statements.description	Number of statements	Anzahl der Anweisungen
metric.statements.name	Statements	Aussagen
metric.suspect_lcom4_density.description	Density of classes having LCOM4>1	Dichte von Klassen mit LCOM4> 1
metric.suspect_lcom4_density.name	Suspect LCOM4 Density	Suspect LCOM4 Dichte
metric.tests.description	Number of unit tests	Anzahl der Unit-Tests
metric.tests.name	Unit Tests	Unit-Tests
metric.test_data.description	Unit tests details	Unit-Tests Details
metric.test_data.name	Unit Test Details	Unit-Test-Details
metric.test_errors.description	Number of unit test errors	Anzahl der Unit-Test-Fehler
metric.test_errors.name	Unit Test Errors	Unit-Test-Fehler
metric.test_errors.short_name	Errors	Fehler
metric.test_execution_time.description	Execution duration of unit tests	Ausführungsdauer von Unit-Tests
metric.test_execution_time.name	Unit Test Duration	Einheit Test Dauer
metric.test_execution_time.short_name	Duration	Dauer
metric.test_failures.description	Number of unit test failures	Anzahl der Einheit Testfehler
metric.test_failures.name	Unit Test Failures	Einheit Test Failures
metric.test_failures.short_name	Failures	Failures
metric.test_success_density.description	Density of successful unit tests	Dichte der erfolgreichen Unit-Tests
metric.test_success_density.name	Unit Test Success (%)	Einheit Test Success (%)
metric.test_success_density.short_name	Success	Erfolg
metric.uncovered_conditions.description	Uncovered conditions	ungedeckte Bedingungen
metric.uncovered_conditions.name	Uncovered Conditions	ungedeckte Bedingungen
metric.uncovered_lines.description	Uncovered lines	ungedeckte Linien
metric.uncovered_lines.name	Uncovered Lines	ungedeckte Linien
metric.usability.description	Usability	Verwendbarkeit
metric.usability.name	Usability	Verwendbarkeit
metric.violations.description	Issues	Probleme
metric.violations.name	Issues	Probleme
metric.violations.short_name	Issues	Probleme
metric.vulnerabilities.description	Vulnerabilities	Vulnerabilities
metric.vulnerabilities.name	Vulnerabilities	Vulnerabilities
metric.wont_fix_issues.description	Won't fix issues	Wird nicht Probleme beheben
metric.wont_fix_issues.name	Won't Fix Issues	Wird nicht Probleme beheben
		
#------------------------------------------------------------------------------		
#		
# GLOBAL PERMISSIONS		
#		
#------------------------------------------------------------------------------		
global_permissions.permission	Permission	Genehmigung
global_permissions.users	Users	Benutzer
global_permissions.groups	Groups	Gruppen
global_permissions.administer	Administer	Verwalten
global_permissions.creator	Create	Erstellen
global_permissions.admin	Administer System	administer-System
global_permissions.admin.desc	Ability to perform all administration functions for the instance.	Fähigkeit, alle Verwaltungsfunktionen für die Instanz auszuführen.
global_permissions.profileadmin	Quality Profiles	Qualitätsprofile
global_permissions.profileadmin.desc	Ability to perform any action on Quality Profiles.	Die Fähigkeit, beliebige Aktionen auf Qualitätsprofile auszuführen.
global_permissions.gateadmin	Quality Gates	Quality Gates
global_permissions.gateadmin.desc	Ability to perform any action on quality gates.	Die Fähigkeit, beliebige Aktionen auf Quality Gates auszuführen.
global_permissions.scan	Execute Analysis	Execute-Analyse
global_permissions.scan.desc	Ability to get all settings required to perform an analysis (including the secured settings like passwords) and to push analysis results to the {instance} server.	Möglichkeit, alle Einstellungen erhalten erforderlich, um eine Analyse (einschließlich der gesicherten Einstellungen wie Passwörter) und Push-Analyseergebnisse der {instance} Server auszuführen.
global_permissions.provisioning	Projects	Projekte
global_permissions.provisioning.desc	Ability to initialize a project so its settings can be configured before the first analysis.	Die Fähigkeit, ein Projekt so seine Einstellungen zu initialisieren, können vor der ersten Analyse konfiguriert werden.
global_permissions.filter_by_x_permission	Filter by "{0}" permission	Filter nach "{0}" permission
global_permissions.restore_access	Restore Access	wiederherstellen Zugang
global_permissions.restore_access.message	You will receive {browse} and {administer} permissions on the project. Do you want to continue?	Sie erhalten {Browse} und {} administer Berechtigungen für das Projekt. Möchtest du fortfahren?
global_permissions.applicationcreator	Applications	Anwendungen
global_permissions.applicationcreator.desc	Ability to create an application.	Die Fähigkeit, eine Anwendung zu erstellen.
global_permissions.portfoliocreator	Portfolios	Portfolios
global_permissions.portfoliocreator.desc	Ability to create a portfolio.	Die Fähigkeit, ein Portfolio zu erstellen.
		
#------------------------------------------------------------------------------		
#		
# PROJECTS PERMISSIONS		
#		
#------------------------------------------------------------------------------		
projects_role.criteria.name	Name contains	Name beinhaltet
projects_role.criteria.key	Key contains	Schlüssel enthält
projects_role.role	Role Membership For New	Rollenmitgliedschaft für neue
projects_role.groups	Groups	Gruppen
projects_role.admin	Administer	Verwalten
projects_role.admin.desc	Access project settings and perform administration tasks. (Users will also need "Browse" permission)	Access-Projekteinstellungen und führen Verwaltungsaufgaben. (Die Benutzer müssen auch auf „Durchsuchen“ permission)
projects_role.issueadmin	Administer Issues	administer Probleme
projects_role.issueadmin.desc	Change the type and severity of issues, resolve issues as being "fixed", "won't fix" or "false-positive" (users also need "Browse" permission).	Ändern Sie die Art und Schwere der Probleme, Probleme zu beheben, als „fixed“, „nicht reparieren“ oder „falsch-positiven“ (Benutzer müssen auch auf „Durchsuchen“ permission).
projects_role.securityhotspotadmin	Administer Security Hotspots	Administer Sicherheit Hotspots
projects_role.securityhotspotadmin.desc	Resolve a Security Hotspot as reviewed (fixed or safe), reset it as to review (users also need Browse permission).	Beheben von Sicherheits Hotspot als prüft (fest oder sicher), setzen Sie es als zu der Bewertung (Benutzer müssen auch auf Durchsuchen Erlaubnis).
projects_role.user	Browse	Durchsuche
projects_role.user.desc	Access a project, browse its measures and issues, confirm issues, change the assignee, comment on issues and change tags.	Zugriff auf ein Projekt, nach dessen Maßnahmen und Ausgaben, bestätigen Fragen, ändern Sie den Abtretungsempfänger, den Kommentar zu Fragen und Änderungs Tags.
projects_role.codeviewer	See Source Code	Siehe Quellcode
projects_role.codeviewer.desc	View the project's source code. (Users will also need "Browse" permission)	Sehen Sie den Quellcode des Projekts. (Die Benutzer müssen auch auf „Durchsuchen“ permission)
projects_role.scan	Execute Analysis	Execute-Analyse
projects_role.scan.desc	Ability to get all settings required to perform an analysis (including the secured settings like passwords) and to push analysis results to the {instance} server.	Möglichkeit, alle Einstellungen erhalten erforderlich, um eine Analyse (einschließlich der gesicherten Einstellungen wie Passwörter) und Push-Analyseergebnisse der {instance} Server auszuführen.
projects_role.bulk_change	Bulk Change	Massenänderung
projects_role.apply_template	Apply Permission Template	Anwenden Berechtigungsvorlage
projects_role.apply_template_to_xxx	Apply Permission Template To "{0}"	Anwenden Permission-Vorlage zu "{0}"
projects_role.apply_template.success	Permission template was successfully applied.	Berechtigungsvorlage wurde erfolgreich angewendet.
projects_role.no_projects	There are currently no results to apply the permission template to.	Es liegen noch keine Ergebnisse, die die Erlaubnis Vorlage anzuwenden.
projects_role.turn_x_to_public	Turn "{0}" to Public	Turn "{0}" mit dem öffentlichen
projects_role.turn_project_to_public.TRK	Turn Project to Public	Schalten Projekt öffentlich
projects_role.turn_project_to_public.VW	Turn Portfolio to Public	Drehen Portfolio an öffentlichen
projects_role.turn_project_to_public.APP	Turn Application to Public	Drehen Anwendung auf öffentlichen
projects_role.are_you_sure_to_turn_project_to_public.TRK	Are you sure you want to turn your project to public?	Sind Sie sicher, dass Sie Ihr Projekt öffentlich machen wollen?
projects_role.are_you_sure_to_turn_project_to_public.warning.TRK	Everybody will be able to browse and see the source code of your project.	Jeder wird in der Lage sein, den Quellcode des Projektes zu durchsuchen und zu sehen.
projects_role.are_you_sure_to_turn_project_to_public.VW	Are you sure you want to turn your portfolio to public?	Sind Sie sicher, dass Sie Ihr Portfolio an Öffentlichkeit zu verwandeln?
projects_role.are_you_sure_to_turn_project_to_public.warning.VW	Everybody will be able to browse it.	Jeder in der Lage, es zu sehen.
projects_role.are_you_sure_to_turn_project_to_public.APP	Are you sure you want to turn your application to public?	Sind Sie sicher, dass Sie Ihre Anwendung der Öffentlichkeit zu verwandeln?
projects_role.are_you_sure_to_turn_project_to_public.warning.APP	Everybody will be able to browse it.	Jeder in der Lage, es zu sehen.
projects_role.public_projects_warning	This permission is always granted by default to everybody (anonymous and authenticated users) for public projects. Therefore, the selection made on this page will be applied to private projects only.	Diese Berechtigung wird standardmäßig alle (anonym und authentifizierte Benutzer) für öffentliche Projekte immer gewährt. Daher wird die Auswahl getroffen auf dieser Seite nur auf private Projekte angewendet werden.
projects_role.applicationcreator	Create Applications	erstellen Sie Anwendungen
projects_role.applicationcreator.desc	Allow to create applications for non system administrator.	Ermöglicht Anwendungen für Nicht Systemadministrator zu erstellen.
projects_role.portfoliocreator	Create Portfolios	erstellen Sie Portfolios
projects_role.portfoliocreator.desc	Allow to create portfolios for non system administrator.	Lassen Sie Portfolios für Nicht Systemadministrator erstellen.
		
		
		
#------------------------------------------------------------------------------		
#		
# PERMISSION TEMPLATES		
#		
#------------------------------------------------------------------------------		
permission_templates	Permission Templates	Permission Vorlagen
permission_templates.page	Permission Templates	Permission Vorlagen
permission_templates.page.description	Manage templates of project permission sets. The default template will be applied to all new projects.	Vorlagen verwalten Projektberechtigungssätze. Die Standardvorlage wird auf alle neuen Projekte angewendet werden.
permission_templates.set_default	Set Default	Set Default
permission_templates.set_default_for	Set Default For	Standardeinstellung für
permission_template.new_template	Create Permission Template	Erstellen Berechtigungsvorlage
permission_template.delete_confirm_title	Delete Permission Template	Löschen Berechtigungsvorlage
permission_template.do_you_want_to_delete_template_xxx	Are you sure that you want to delete permission template "{0}"?	Sind Sie sicher, dass Sie die Erlaubnis Vorlage löschen möchten „{0}“?
permission_template.edit_template	Edit Permission Template	Bearbeiten Berechtigungsvorlage
permission_template.edit_permissions	Edit Permissions: {0}	Berechtigungen bearbeiten: {0}
permission_template.key_pattern	Project key pattern	Projektschlüsselmuster
permission_template.key_pattern.description	Should be a valid regular expression	Sollte ein gültiger regulärer Ausdruck
permission_template.default_for	Default for {0}	Standard für {0}
permission_templates.project_creators	Creators	Creators
permission_templates.project_creators.explanation	When a new project, portfolio or application is created, the user who creates it will receive these permissions.	Wenn ein neues Projekt, Portfolio oder Anwendung erstellt wird, die der Benutzer sie erstellt werden diese Berechtigungen erhalten.
permission_templates.project_creators.explanation.sonarcloud	When a new project is created, the user who creates it will receive these permissions.	Wenn ein neues Projekt angelegt wird, die der Benutzer sie erstellt werden diese Berechtigungen erhalten.
permission_templates.bulk_apply_permission_template	Bulk Apply Permission Template	Bewerben Bulk Berechtigungsvorlage
permission_templates.bulk_apply_permission_template.apply_to_selected	You're about to apply the selected permission template to {0} selected item(s).	Sie sind über die ausgewählte Berechtigungsvorlage auf {0} ausgewählte Position (en) anzuwenden.
permission_templates.bulk_apply_permission_template.apply_to_all	You're about to apply the selected permission template to {0} item(s).	Sie sind über die ausgewählte Berechtigungsvorlage zu {0} (n) Artikel anzuwenden.
permission_templates.select_to_delete	You must select at least one item	Sie müssen mindestens ein Element auswählen
permission_templates.delete_selected	Delete all selected items	Löschen Sie alle ausgewählten Elemente
		
		
#------------------------------------------------------------------------------		
#		
# HELP		
#		
#------------------------------------------------------------------------------		
formatting.helplink	Formatting Help	Formatierung Hilfe
		
#------------------------------------------------------------------------------		
#		
# KEYBOARD SHORTCUTS		
#		
#------------------------------------------------------------------------------		
		
keyboard_shortcuts.title	Keyboard Shortcuts	Tastatürkürzel
keyboard_shortcuts.shortcut	Shortcut	Abkürzung
keyboard_shortcuts.action	Action	Aktion
keyboard_shortcuts.global.title	Global	weltweit
keyboard_shortcuts.global.search	Open the search bar	Öffnen Sie die Suchleiste
keyboard_shortcuts.global.open_shortcuts	Open this panel	Öffnen Sie diese Platte
keyboard_shortcuts.code_page.title	Code Page	Codepage
keyboard_shortcuts.code_page.select_files	Select files	Dateien auswählen
keyboard_shortcuts.code_page.open_file	Open the selected file	Öffnen Sie die ausgewählte Datei
keyboard_shortcuts.code_page.back	Return back to the list	Zurück zurück zur Liste
keyboard_shortcuts.issues_page.title	Issues Page	Fragen Seite
keyboard_shortcuts.issues_page.navigate	navigate between issues	navigate zwischen Fragen
keyboard_shortcuts.issues_page.source_code	go from the list of issues to the source code	geht aus der Liste der Fragen im Zusammenhang mit dem Quellcode
keyboard_shortcuts.issues_page.back	return back to the list	Zurück zur Liste zurück
keyboard_shortcuts.issues_page.navigate_locations	to navigate issue locations	zu navigieren Ausgabe Standorten
keyboard_shortcuts.issues_page.switch_flows	to switch flows	zu schalten Ströme
keyboard_shortcuts.issues_page.transition	do an issue transition	tun ein Problem Übergang
keyboard_shortcuts.issues_page.assign	assign issue	assign Ausgabe
keyboard_shortcuts.issues_page.assign_to_me	assign issue to the current user	assign Ausgabe für den aktuellen Benutzer
keyboard_shortcuts.issues_page.severity	change severity of issue	ändern Schwere der Ausgabe
keyboard_shortcuts.issues_page.comment	comment issue	Kommentar Ausgabe
keyboard_shortcuts.issues_page.submit_comment	submit comment	einreichen Kommentar
keyboard_shortcuts.issues_page.tags	change tags of issue	Wechselmarken Ausgabe
keyboard_shortcuts.measures_page.title	Measures Page	Maßnahmen Seite
keyboard_shortcuts.measures_page.select_files	Select files	Dateien auswählen
keyboard_shortcuts.measures_page.open_file	Open the selected file	Öffnen Sie die ausgewählte Datei
keyboard_shortcuts.measures_page.back	Return back to the list	Zurück zurück zur Liste
keyboard_shortcuts.rules_page.title	Rules Page	Regeln Seite
keyboard_shortcuts.rules_page.navigate	navigate between rules	navigate zwischen Regeln
keyboard_shortcuts.rules_page.rule_details	go from the list of rules to the rule details	geht aus der Liste der Regeln auf die Regeldetails
keyboard_shortcuts.rules_page.back	Return back to the list	Zurück zurück zur Liste
		
		
#------------------------------------------------------------------------------		
#		
# DURATION		
#		
#------------------------------------------------------------------------------		
duration.seconds	less than a minute	weniger als einer Minute
duration.minute	about a minute	etwa eine Minute
duration.minutes	{0} minutes	{0} Minuten
duration.hour	about an hour	ungefähr eine Stunde
duration.hours	{0} hours	{0} Stunden
duration.day	a day	ein Tag
duration.days	{0} days	{0} Tage
duration.month	about a month	etwa einen Monat
duration.months	{0} months	{0} Monate
duration.year	about a year	ungefähr ein Jahr
duration.years	{0} years	{0} Jahre
		
		
#------------------------------------------------------------------------------		
#		
# COMPONENT VIEWER		
#		
#------------------------------------------------------------------------------		
component_viewer.measure_section.unit_tests	Tests	Tests
		
component_viewer.transition.covers	Covers	Abdeckungen
component_viewer.transition.duplication	Duplicated By	duplizierten von
		
component_viewer.tests.ordered_by	ordered by	bestellt durch
component_viewer.tests.duration	duration	Dauer
component_viewer.tests.test_name	name	Name
component_viewer.tests.status	status	Status
		
component_viewer.x_lines_are_covered	{0} lines are covered	{0} Linien abgedeckt
component_viewer.details	Details	Einzelheiten
component_viewer.show_raw_source	Show Raw Source	Schau Rohmaterial Quelle
component_viewer.more_actions	More Actions	Mehr Aktionen
component_viewer.new_window	Open in New Window	In neuem Fenster öffnen
component_viewer.open_in_workspace	Pin This File	Pin Diese Datei
component_viewer.copy_permalink	Copy Permalink	Kopieren Permalink
component_viewer.covered_lines	Covered Lines	Covered-Linien
component_viewer.show_details	Show Measures	Show Maßnahmen
component_viewer.file_measures	File measures	Datei-Maßnahmen
component_viewer.show_all_measures	Show all measures	Alle Maßnahmen
component_viewer.no_component	The component has been removed or never existed.	Die Komponente wurde entfernt oder nie existiert.
component_viewer.copy_path_to_clipboard	Copy the file path to the clipboard	Kopieren Sie den Dateipfad in die Zwischenablage
		
source_viewer.view_all_issues	See all issues in this file	Alle Fragen in dieser Datei
source_viewer.covered	Covered by the following tests	Gedeckt durch die folgenden Tests
source_viewer.not_covered	Not covered by tests	Nicht durch Tests abgedeckt
source_viewer.conditions	conditions	Bedingungen
source_viewer.line_X	Line: {0}	Line: {0}
source_viewer.click_for_scm_info	Click to see SCM information	Klicken Sie SCM Informationen zu sehen
source_viewer.author_X	Author: {0}	Autor: {0}
		
source_viewer.tooltip.duplicated_line	This line is duplicated. Click to see duplicated blocks.	Diese Linie wird dupliziert. Klicken Sie duplizierten Blöcke zu sehen.
source_viewer.tooltip.duplicated_block	Duplicated block. Click for details.	Duplizierte Block. Klicken sie für weitere Details.
source_viewer.tooltip.covered	Fully covered by tests.	Vollständig durch Tests abgedeckt.
source_viewer.tooltip.covered.conditions	Fully covered by tests ({0} conditions).	Vollständig durch Tests abgedeckt ({0} Bedingungen).
source_viewer.tooltip.partially-covered	Partially covered by tests.	Teilweise durch Tests abgedeckt.
source_viewer.tooltip.partially-covered.conditions	Partially covered by tests ({0} of {1} conditions).	Teilweise durch Tests abgedeckt ({0} von {1} Bedingungen).
source_viewer.tooltip.uncovered	Not covered by tests.	Nicht durch Tests abgedeckt.
source_viewer.tooltip.uncovered.conditions	Not covered by tests ({0} conditions).	Nicht durch Tests abgedeckt ({0} Bedingungen).
source_viewer.tooltip.no_information_about_tests	There is no extra information about test files.	Es gibt keine zusätzliche Informationen über die Testdateien.
source_viewer.tooltip.scm.commited_on	Committed on	Committed auf
source_viewer.tooltip.scm.revision	Revision	Revision
		
source_viewer.issues_on_line.multiple_issues	There are multiple issues on this line.	Es gibt mehrere Probleme auf dieser Linie.
source_viewer.issues_on_line.issue_of_type_X	There is a {0} on this line	Es gibt einen {0} auf dieser Linie
source_viewer.issues_on_line.X_issues_of_type_Y	There are {0} {1} on this line	Es gibt {0} {1} auf dieser Linie
source_viewer.issues_on_line.show	Click to show all issues on this line	Klicken, um alle Probleme auf dieser Linie zu zeigen,
source_viewer.issues_on_line.hide	Click to hide all issues on this line	Klicken, um alle Probleme auf dieser Linie zu verstecken
		
source_viewer.load_more_code	Load More Code	Mehr laden-Code
source_viewer.loading_more_code	Loading More Code...	Laden Mehr-Code ...
		
source_viewer.expand_above	Expand above	Nach oben erweitern
source_viewer.expand_below	Expand below	erweitern Sie unter
		
#------------------------------------------------------------------------------		
#		
# WORKSPACE		
#		
#------------------------------------------------------------------------------		
workspace.minimize	Minimize	Minimieren
workspace.full_window	Expand to full window	Erweitern Sie in vollen Fenstern
workspace.normal_size	Collapse to normal size	Zusammenbruch auf Normalgröße
workspace.close	Remove from the list of pinned files	Entfernen Sie aus der Liste der Dateien gepinnt
workspace.no_rule	The rule has been removed or never existed.	Die Regel wurde entfernt oder nie existiert.
		
#------------------------------------------------------------------------------		
#		
# MARKETPLACE		
#		
#------------------------------------------------------------------------------		
marketplace.page	Marketplace	Marktplatz
marketplace.page.description	Discover the additional benefits offered in SonarQube Commercial Editions	Entdecken Sie die zusätzlichen in Sonarqube Vollversionen angeboten Vorteile
marketplace.page.description_best_edition	This edition includes access to all the SonarQube-SonarLint Ecosystem features!	Diese Ausgabe enthält den Zugang zu allen Sonarqube-SonarLint Ökosystem Features!
marketplace.page.you_are_running.community	You are currently running a Community Edition.	Sie sind zur Zeit eine Community Edition ausgeführt wird.
marketplace.page.you_are_running.developer	You are currently running a Developer Edition.	Sie führen derzeit eine Developer Edition.
marketplace.page.you_are_running.enterprise	You are currently running an Enterprise Edition.	Sie sind zur Zeit eine Enterprise Edition ausgeführt wird.
marketplace.page.you_are_running.datacenter	You are currently running a Data Center Edition.	Sie sind zur Zeit ein Data Center Edition.
marketplace.page.plugins	Plugins	Plugins
marketplace.page.plugins.description	Plugins available in the Marketplace are not provided or supported by SonarSource. Please reach out directly to their maintainers for support.	Plugins auf dem Markt erhältlich sind, nicht von SonarSource geliefert oder unterstützt werden. Wenden Sie sich direkt an ihre Betreuer für die Unterstützung.
marketplace.page.plugins.description2	Installing a plugin is a manual operation. Please refer to the {link}.	ein Plugin zu installieren ist eine manuelle Bedienung. Bitte beachten Sie die {link}.
marketplace.page.plugins.description2.link	documentation	Dokumentation
marketplace.plugin_list.no_plugins.all	No installed plugins or updates available	Keine installierten Plugins oder Updates verfügbar
marketplace.plugin_list.no_plugins.installed	No installed plugins	Keine installierten Plugins
marketplace.plugin_list.no_plugins.updates	No plugin updates available	Kein Plug-Updates verfügbar
marketplace.instance_needs_to_be_restarted_to	{instance} needs to be restarted in order to	{Instance} muss neu gestartet werden, um
marketplace.install_x_plugins	install {nb} plugins	installieren {nb} Plugins
marketplace.update_x_plugins	update {nb} plugins	update {nb} Plugins
marketplace.uninstall_x_plugins	uninstall {nb} plugins	uninstall {nb} Plugins
marketplace.not_activated	Update Center is not activated.	Update Center ist nicht aktiviert.
marketplace.all	All	Alle
marketplace.installed	Installed	Eingerichtet
marketplace.updates_only	Updates Only	Updates Nur
marketplace.restart	Restart	Neu starten
marketplace.revert	Revert	Zurückkehren
marketplace.install	Install	Installieren
marketplace.upgrade_to_x	Upgrade to {0}	Aktualisieren Sie auf {0}
marketplace.downgrade_to_x	Downgrade to {0}	Herabstufung auf {0}
marketplace.installed	Installed	Eingerichtet
marketplace.installing	Installing...	Installieren ...
marketplace.upgrade	Upgrade	Aktualisierung
marketplace.downgrade	Downgrade	degradieren
marketplace.checking_license	Checking your license...	Überprüfen Sie Ihre Lizenz ...
marketplace._installed	installed	Eingerichtet
marketplace.available_under_commercial_license	Available under our commercial editions	Erhältlich unter unseren kommerziellen Editionen
marketplace.learn_more	Learn more	Mehr erfahren
marketplace.request_free_trial	Request a free trial	Fordern Sie eine kostenlose Testversion
marketplace.homepage	Homepage	Startseite
marketplace.issue_tracker	Issue Tracker	Issue Tracker
marketplace.licensed_under_x	Licensed under {license}	Lizenziert unter {Lizenz}
marketplace.developed_by_x	Developed by {organization}	Entwickelt von {Organisation}
marketplace.install_pending	Install Pending	installieren Sie Pending
marketplace.update_pending	Update Pending	Update Pending
marketplace.uninstall_pending	Uninstall Pending	Deinstallieren Pending
marketplace.requires_restart	This requires a restart	Dies erfordert einen Neustart
marketplace.updates	Updates	Aktualisierung
marketplace.update_status.COMPATIBLE	Compatible	kompatibel
marketplace.update_status.INCOMPATIBLE	Incompatible	Unvereinbar
marketplace.update_status.REQUIRES_SYSTEM_UPGRADE	Requires system update	Erfordert System-Update
marketplace.update_status.DEPS_REQUIRE_SYSTEM_UPGRADE	Some of dependencies requires system update	Einige Abhängigkeiten erfordert System-Update
marketplace.installing_this_plugin_will_also_install_x	Installing this plugin will also install: {0}	dieses Plugin Installieren auch installieren: {0}
marketplace.update_to_x	Update to {0}	Aktualisieren Sie auf {0}
marketplace.uninstall	Uninstall	Deinstallieren
marketplace.i_accept_the	I accept the	Ich akzeptiere das
marketplace.terms_and_conditions	Terms and Conditions	Geschäftsbedingungen
marketplace.release_notes	Release Notes	Versionshinweise
marketplace.how_to_setup_cluster_url	Further configuration is required to set up a cluster. See {url} documentation.	Die weitere Konfiguration ist erforderlich, um einen Cluster einzurichten. Siehe {url} Dokumentation.
marketplace.search	Search by features, tags, or categories...	Suche nach Merkmalen, Tags oder Kategorien ...
		
marketplace.risk_consent.title	Installation of plugins	Installation von Plugins
marketplace.risk_consent.description	Plugins are not provided by SonarSource and are therefore installed at your own risk. SonarSource disclaims all liability for installing and using such plugins.	Plugins wird nicht von SonarSource zur Verfügung gestellt und werden daher auf eigene Gefahr installiert. SonarSource lehnt jede Haftung für die Installation und solche Plugins verwenden.
marketplace.risk_consent.installation	You can install plugins directly from the list below after you acknowledge the risk.	Sie können Plug-in installieren direkt aus der Liste unten, nachdem Sie das Risiko erkennen.
marketplace.risk_consent.action	I understand the risk.	Ich verstehe das Risiko.
		
plugin_risk_consent.title	Installation of plugins	Installation von Plugins
plugin_risk_consent.description	A third-party plugin has been detected.	Eine Drittanbieter-Plugin erkannt wurde.
plugin_risk_consent.description2	Plugins are not provided by SonarSource and are therefore installed at your own risk. SonarSource disclaims all liability for installing and using such plugins.	Plugins wird nicht von SonarSource zur Verfügung gestellt und werden daher auf eigene Gefahr installiert. SonarSource lehnt jede Haftung für die Installation und solche Plugins verwenden.
plugin_risk_consent.description3	If you wish to uninstall the plugin(s) instead, you may refer to the {link}.	Wenn Sie die Plug-in (s) deinstallieren möchten stattdessen können Sie auf der {link} finden.
plugin_risk_consent.description3.link	documentation	Dokumentation
plugin_risk_consent.action	I understand the risk	Ich verstehe das Risiko
		
#------------------------------------------------------------------------------		
#		
# BACKGROUND TASKS		
#		
#------------------------------------------------------------------------------		
component_navigation.status.failed	The last background task has failed.	Die letzte Hintergrundaufgabe ist fehlgeschlagen.
component_navigation.status.failed_X	The {type} has failed.	Der {type} ist fehlgeschlagen.
component_navigation.status.failed.admin.link	The last background task has failed. More details available on the {url} page.	Die letzte Hintergrundaufgabe ist fehlgeschlagen. Weitere Details finden Sie auf der {url} Seite.
component_navigation.status.failed_X.admin.link	The {type} has failed. More details available on the {url} page.	Der {type} ist fehlgeschlagen. Weitere Details finden Sie auf der {url} Seite.
component_navigation.status.failed.admin.help	The last background task has failed. You can find more details below by clicking on the cog menu, and then "{stacktrace}".	Die letzte Hintergrundaufgabe ist fehlgeschlagen. Sie können durch einen Klick auf das Zahnrad-Menü Details siehe unten finden, und dann „{} Stacktrace“.
component_navigation.status.failed_X.admin.help	The {type} has failed. You can find more details below by clicking on the cog menu, and then "{stacktrace}".	Der {type} ist fehlgeschlagen. Sie können durch einen Klick auf das Zahnrad-Menü Details siehe unten finden, und dann „{} Stacktrace“.
component_navigation.status.failed_branch	The last analysis on this project ({branch}) failed.	Die letzte Analyse an diesem Projekt ({} Zweig) ist fehlgeschlagen.
component_navigation.status.failed_branch_X	The last {type} on this project ({branch}) failed.	Der letzte {type} zu diesem Projekt ({} Zweig) ist fehlgeschlagen.
component_navigation.status.failed_branch.admin.link	The last analysis on this project ({branch}) failed. More details available on the {url} page.	Die letzte Analyse an diesem Projekt ({} Zweig) ist fehlgeschlagen. Weitere Details finden Sie auf der {url} Seite.
component_navigation.status.failed_branch_X.admin.link	The last {type} on this project ({branch}) failed. More details available on the {url} page.	Der letzte {type} zu diesem Projekt ({} Zweig) ist fehlgeschlagen. Weitere Details finden Sie auf der {url} Seite.
component_navigation.status.failed_branch.admin.help	#ERROR!	#ERROR!
component_navigation.status.failed_branch_X.admin.help	The last {type} on this project ({branch}) failed. You can find more details below by clicking on the cog menu, and then "{stacktrace}".	Der letzte {type} zu diesem Projekt ({} Zweig) ist fehlgeschlagen. Sie können durch einen Klick auf das Zahnrad-Menü Details siehe unten finden, und dann „{} Stacktrace“.
component_navigation.status.pending	There is a pending background task.	Es gibt eine anhängige Hintergrundaufgabe.
component_navigation.status.pending_X	There is a pending {type}.	Es gibt eine anhängige {type}.
component_navigation.status.pending.admin.link	There is a pending background task. More details available on the {url} page.	Es gibt eine anhängige Hintergrundaufgabe. Weitere Details finden Sie auf der {url} Seite.
component_navigation.status.pending_X.admin.link	There is a pending {type}. More details available on the {url} page.	Es gibt eine anhängige {type}. Weitere Details finden Sie auf der {url} Seite.
component_navigation.status.pending.admin.help	There is a pending background task.	Es gibt eine anhängige Hintergrundaufgabe.
component_navigation.status.pending_X.admin.help	There is a pending {type}.	Es gibt eine anhängige {type}.
component_navigation.status.in_progress	A background task is in progress.	Eine Hintergrundaufgabe ist im Gange.
component_navigation.status.in_progress_X	The {type} is in progress.	Der {Typ} ist im Gange.
component_navigation.status.in_progress.admin.link	A background task is in progress. More details available on the {url} page.	Eine Hintergrundaufgabe ist im Gange. Weitere Details finden Sie auf der {url} Seite.
component_navigation.status.in_progress_X.admin.link	The {type} is in progress. More details available on the {url} page.	Der {Typ} ist im Gange. Weitere Details finden Sie auf der {url} Seite.
component_navigation.status.in_progress.admin.help	A background task is in progress.	Eine Hintergrundaufgabe ist im Gange.
component_navigation.status.in_progress_X.admin.help	The {type} is in progress.	Der {Typ} ist im Gange.
component_navigation.status.last_blocked_due_to_bad_license_X	Last analysis blocked due to an invalid license, which has since been corrected. Please reanalyze this {0}.	Letzte Analyse blockiert aufgrund einer ungültigen Lizenz, die korrigiert, da wurde. Bitte erneut analysieren diese {0}.
		
component_navigation.last_analysis_had_warnings	Last analysis had {warnings}	Letzte Analyse hatte {Warnungen}
component_navigation.x_warnings	{warningsCount} {warningsCount, plural, one {warning} other {warnings}}	{WarningsCount} {warningsCount, Plural, eine {Warnung} {andere Warnungen}}
		
		
background_task.status.ALL	All	Alle
background_task.status.PENDING	Pending	steht aus
background_task.status.IN_PROGRESS	In Progress	In Bearbeitung
background_task.status.SUCCESS	Success	Erfolg
background_task.status.FAILED	Failed	Gescheitert
background_task.status.CANCELED	Canceled	Abgesagt
background_task.status.ALL_EXCEPT_PENDING	All Except Pending	Außer Pending Alle
		
background_task.type.ALL	All	Alle
background_task.type.REPORT	Project Analysis	Projektanalyse
background_task.type.DEV_REFRESH	Developer Analysis	Entwickler Analyse
background_task.type.DEV_PURGE	Developer Cleaning	Entwickler Reinigung
background_task.type.ISSUE_SYNC	Project Data Reload	Projektdaten neu laden
background_task.type.APP_REFRESH	Recomputation	Neuberechnung
background_task.type.PROJECT_EXPORT	Project Export	Projekt Export
background_task.type.PROJECT_IMPORT	Project Import	Projektimport
		
background_tasks.page	Background Tasks	Hintergrundaufgaben
background_tasks.page.description	This page allows monitoring of the queue of tasks running asynchronously on the server. It also gives access to the history of finished tasks and their status. Analysis report processing is the most common kind of background task.	Auf dieser Seite kann die Warteschlange von Überwachungsaufgaben asynchron auf dem Server ausgeführt. Es gibt auch Zugang zu der Geschichte der erledigten Aufgaben und dessen Status. Die Analyse der Berichtsverarbeitung ist die häufigste Art von Hintergrundaufgabe.
		
background_tasks.currents_filter.ALL	All	Alle
background_tasks.currents_filter.ONLY_CURRENTS	Only Latest Analysis	Nur Neueste Analyse
		
background_tasks.date_filter.ALL	Any Date	Jedes Datum
background_tasks.date_filter.TODAY	Today	Heute
background_tasks.date_filter.CUSTOM	Custom	Benutzerdefiniert
		
background_tasks.table.status	Status	Status
background_tasks.table.task	Task	Aufgabe
background_tasks.table.id	ID	ICH WÜRDE
background_tasks.table.submitted	Submitted	eingereicht
background_tasks.table.submitter	Submitter	Submitter
background_tasks.table.started	Started	Gestartet
background_tasks.table.finished	Finished	Fertig
background_tasks.table.duration	Duration	Dauer
		
background_tasks.filter_by_component_x	Filter by Component "{0}"	Filter nach Komponente "{0}"
background_tasks.cancel_task	Cancel Task	Aufgabe abbrechen
background_tasks.cancel_task.text	Are you sure you want to cancel this pending task?	Sind Sie sicher, dass Sie diese anhängige Aufgabe abbrechen möchten?
background_tasks.cancel_all_tasks	Cancel All Pending Tasks	Abbrechen Alle anstehenden Aufgaben
background_tasks.cancel_all_tasks.text	Are you sure you want to cancel all pending tasks?	Sind Sie sicher, dass Sie alle anstehenden Aufgaben abbrechen möchten?
background_tasks.cancel_all_tasks.submit	Cancel All	Alle Absagen
background_tasks.scanner_context	Scanner Context	Scanner Context
background_tasks.show_scanner_context	Show Scanner Context	Show Scanner Context
background_tasks.show_stacktrace	Show Error Details	Zeigen Sie Fehlerdetails
background_tasks.show_warnings	Show Warnings	Warnungen anzeigen
background_tasks.error_message	Error Message	Fehlermeldung
background_tasks.error_stacktrace	Error Details	Fehlerdetails
background_tasks.pending	pending	steht aus
background_tasks.pending_time	pending time	anhängige Zeit
background_tasks.pending_time.description	Pending time of the oldest background task waiting to be processed.	Bis zur Zeit der ältesten Wartehintergrundaufgabe verarbeitet werden.
background_tasks.failures	still failing	noch versagt
		
background_tasks.number_of_workers	Number of Workers:	Anzahl der Arbeiter:
background_tasks.number_of_workers.warning	Configuring additional workers without first vertically scaling your server could have negative performance impacts.	Konfigurieren zusätzlicher Arbeiter ohne zuerst vertikal Serverskalierung negativen Auswirkungen auf die Leistung haben.
background_tasks.change_number_of_workers	Edit CE Workers	Bearbeiten CE Workers
background_tasks.change_number_of_workers.hint	If your queue backs up behind the analysis reports from large projects, increasing the number of Compute Engine workers will allow you to take full advantage of having configured increased Compute Engine memory on a multi-core server (vertical scaling).	Wenn Ihre Warteschlange Rücken hinter den Analyseberichten von Großprojekten, wird die Anzahl der Compute Engine Arbeiter zu erhöhen können Sie auf einem Multi-Core-Server (vertikale Skalierung) erhöht Compute Engine-Speicher voll Vorteil, konfiguriert nehmen.
background_tasks.add_more_workers	Speed up analysis with parallel processing	Beschleunigen Analyse mit der parallelen Bearbeitung
background_tasks.add_more_workers.text	Configure multiple workers for parallel processing of analysis reports in Enterprise Edition.	Konfigurieren Sie mehrere Arbeiter für die parallele Verarbeitung von Analyseberichte in der Enterprise Edition.
background_tasks.search_by_task_or_component	Search by Task or Component	Suche nach Aufgabe oder Component
background_tasks.failing_count	Count of projects where processing of most recent analysis report failed	Graf von Projekten, bei denen die Verarbeitung des letzten Analysebericht gescheitert
		
		
#------------------------------------------------------------------------------		
#		
# SYSTEM		
#		
#------------------------------------------------------------------------------		
system.application_nodes_title	Application Nodes	Application Nodes
system.are_you_sure_to_restart	Are you sure you want to restart the server? The restart will first wait for ongoing background tasks to complete.	Sind Sie sicher, dass Sie den Server neu zu starten? Der Neustart wird zunächst für die laufenden Hintergrundaufgaben vollständig warten.
system.cluster_log_level.info	Your selection affect all Application nodes but not the Search nodes.	Ihre Auswahl alle Anwendungsknoten betreffen aber nicht die Suche Knoten.
system.copy_id_info	Copy ID information	Copy-ID-Informationen
system.current_health_of_x	Current health status of {0}	Aktuelle Gesundheitszustand {0}
system.download_logs	Download Logs	Protokolle herunterladen
system.download_system_info	Download System Info	Download System Info
system.download_x	Download {0}	Download {0}
system.forcing_shutdown_not_recommended	Forcing the shutdown is not recommended and can interrupt the processing of analysis reports.	das Herunterfahren zwingen wird nicht empfohlen und kann die Verarbeitung von Analyseberichte unterbrechen.
system.hide_intermediate_versions	Hide intermediate versions	Ausblenden Zwischenversionen
system.how_to_upgrade	How to upgrade?	Wie das Upgrade?
system.latest_version	Latest Version	Letzte Version
system.lts_version	LTS Version	LTS Version
system.log_level.warning	This level has performance impacts, please make sure to get back to INFO level once your investigation is done. Please note that when the server is restarted, logging will revert to the level configured in sonar.properties.	Diese Stufe hat Auswirkungen auf die Leistung, vergewissern Sie sich auf INFO-Ebene, um wieder einmal Ihre Untersuchung durchgeführt wird. Bitte beachten Sie, dass, wenn der Server neu gestartet wird, die Protokollierung auf das Niveau in sonar.properties konfiguriert zufällt.
system.log_level.warning.short	Current logs level has performance impacts, get back to INFO level.	Aktuelle Protokolle Ebene hat Auswirkungen auf die Leistung, auf INFO-Ebene zurück.
system.log_level.info	Your selection does not affect the Search Engine.	Ihre Auswahl hat keine Auswirkungen auf die Suchmaschine.
system.logs_level	Logs level	Logs Ebene
system.new_version_available	A new version of SonarQube is available.	Eine neue Version von Sonarqube zur Verfügung steht.
system.see_whats_new	See what's new!	Schau was neu ist!
system.release_notes	Release Notes	Versionshinweise
system.released_x	Released {0}	Veröffentlicht {0}
system.restart_in_progress	Restart in progress	Neustart im Gange
system.restart_server	Restart Server	Server neu starten
system.instance_restarting	{instance} restart is in progress. Ongoing {link} are completing.	{Instance} Neustart ist im Gange. Laufende {link} vervollständigen.
system.search_nodes_title	Search Nodes	Suchen Knoten
system.see_sonarqube_downloads	See All SonarQube Downloads	Siehe Alle Sonarqube Downloads
system.server_id	Server ID	Server-ID
system.set_log_level	Set logs level	Set-Protokolle Ebene
system.show_intermediate_versions	Show intermediate versions	Zeigen Zwischenversionen
system.system_upgrade	System Upgrade	System Verbesserung
system.version	Version	Ausführung
system.version_is_availble	{version} is available	{Version} ist verfügbar
		
		
#------------------------------------------------------------------------------		
#		
# OVERVIEW		
#		
#------------------------------------------------------------------------------		
overview.failed_conditions	Failed conditions	Fehlerbedingungen
overview.X_more_failed_conditions	{0} more failed conditions	{0} weitere Fehlerbedingungen
overview.X_conditions_failed	{0} conditions failed	{0} Bedingungen gescheitert
overview.quality_gate	Quality Gate Status	Quality Gate-Status
overview.quality_gate.help	A Quality Gate is a set of measure-based Boolean conditions. It helps you know immediately whether your project is production-ready. If your current status is not Passed, you'll see which measures caused the problem and the values required to pass.	Ein Quality Gate ist eine Reihe von Maße-basierte Boolesche Bedingungen. Es hilft Ihnen, sofort wissen, ob Ihr Projekt produktionsbereit ist. Wenn Ihre aktuelle Status wird nicht übergeben, erfahren Sie, welche Maßnahmen das Problem verursacht und die Werte sehen die passiert werden müssen.
overview.quality_gate_failed_with_x	with {0} errors	mit {0} Fehler
overview.quality_gate_code_clean	Your code is clean!	Ihr Code ist sauber!
overview.quality_gate_all_conditions_passed	All conditions passed.	Alle Bedingungen bestanden.
overview.you_should_define_quality_gate	You should define a quality gate on this project.	Sie sollten ein Qualitäts Tor an diesem Projekt definieren.
overview.quality_gate.ignored_conditions	Some Quality Gate conditions on New Code were ignored because of the small number of New Lines	Einige Quality Gate Bedingungen auf Neuen Code wurden wegen der geringen Anzahl von neuen Linien ignoriert
overview.quality_gate.ignored_conditions.tooltip	At the start of a new code period, if very few lines have been added or modified, it might be difficult to reach the desired level of code coverage or duplications. To prevent Quality Gate failure when there's little that can be done about it, Quality Gate conditions about duplications in new code and coverage on new code are ignored until the number of new lines is at least 20. An administrator can disable this in the general settings.	Zu Beginn einer neuen Codeperiode, wenn nur sehr wenige Zeilen hinzugefügt oder geändert worden ist, könnte es schwierig sein, den gewünschten Grad an Code-Coverage oder Verdoppelungen zu erreichen. Quality Gate Ausfall zu verhindern, wenn es wenig, was dagegen getan werden kann, Quality Gate Bedingungen über Verdopplungen in neuem Code und Berichterstattung über neuen Code ignoriert, bis die Zahl der neuen Linien ist mindestens 20. Ein Administrator diese in den allgemeinen Einstellungen deaktivieren kann .
overview.quality_gate.conditions_on_new_code	Only conditions on new code that are defined in the Quality Gate are checked. See the {link} associated to the project for details.	Einzige Bedingung für neuen Code im Quality Gate definiert sind, wird überprüft. Finden Sie in der {link} für weitere Details zu dem Projekt verbunden.
overview.quality_profiles	Quality Profiles used	Qualitätsprofile verwendet
overview.new_code_period_x	New Code: {0}	Neuer Code: {0}
overview.max_new_code_period_from_x	Max New Code from: {0}	Max Neuer Code aus: {0}
overview.started_x	Started {0}	Gestartet {0}
overview.new_code	New Code	Neuer Code
overview.overall_code	Overall Code	Gesamt-Code
overview.previous_analysis_x	Previous analysis was {0}	Frühere Analysen waren {0}
overview.started_on_x	Started on {0}	Gestartet am {0}
overview.previous_analysis_on_x	Previous analysis on {0}	Frühere Analysen auf {0}
overview.on_new_code	On New Code	Auf Neuen Code
overview.on_new_code_long	Conditions on New Code	Bedingungen auf Neuen Code
overview.about_this_portfolio	About This Portfolio	Über dieses Portfolio
overview.about_this_project.APP	About This Application	Über diese Applikation
overview.about_this_project.TRK	About This Project	Über dieses Projekt
overview.project_activity.APP	Application Activity	Anwendungsaktivität
overview.project_activity.TRK	Project Activity	Projektaktivität
overview.project_activity.click_to_see	Click to see project activity	Klicken Sie auf die Projektaktivität zu sehen
overview.external_links	External Links	Externe Links
overview.project_key.APP	Application Key	Anwendungstaste
overview.project_key.TRK	Project Key	Projekt Key
overview.activity	Activity	Aktivität
overview.recent_activity	Recent Activity	Letzte Aktivität
overview.measures	Measures	Maße
overview.measures.empty_explanation	Measures on New Code will appear after the second analysis of this branch.	Maßnahmen auf Neuen Code werden nach der zweiten Analyse dieses Zweiges erscheinen.
overview.measures.empty_link	{learn_more_link} about the Clean as You Code approach.	{LEARN_MORE_LINK} über den Clean as You-Code-Ansatz.
overview.measures.same_reference.explanation	This branch is configured to use itself as reference branch. It will never have New Code.	Dieser Zweig ist so konfiguriert sich selbst als Referenzzweig zu verwenden. Es wird nie Neuer Code haben.
overview.measures.bad_reference.explanation	This branch could not be compared to its reference branch. See the SCM or analysis report for more details.	Dieser Zweig kann nicht zu seinem Referenzzweig verglichen werden. Sehen Sie sich die SCM oder Analysebericht für weitere Details.
overview.measures.bad_setting.link	This can be fixed in the {setting_link} setting.	Dies kann in der {setting_link} Einstellung festgelegt werden.
overview.measures.security_hotspots_reviewed	Reviewed	Bewertet
		
overview.project.no_lines_of_code	This project has no lines of code.	Dieses Projekt hat keine Codezeilen.
overview.project.empty	This project is empty.	Dieses Projekt ist leer.
overview.project.branch_X_no_lines_of_code	The "{0}" branch has no lines of code.	Der „{0}“ Zweig hat keine Codezeilen.
overview.project.branch_X_empty	The "{0}" branch of this project is empty.	Der „{0}“ Zweig des Projektes ist es leer.
overview.project.main_branch_no_lines_of_code	The main branch has no lines of code.	Der Hauptzweig hat keine Codezeilen.
overview.project.main_branch_empty	The main branch of this project is empty.	Der Hauptzweig des Projektes ist es leer.
overview.project.branch_needs_new_analysis	The branch data is incomplete. Run a new analysis to update it.	Die Zweigdaten sind unvollständig. Führen Sie eine neue Analyse, sie zu aktualisieren.
		
overview.coverage_on	Coverage on	Berichterstattung
overview.coverage_on_X_lines	Coverage on {count} Lines to cover	Coverage auf {count} Lines Abdeckung
overview.coverage_on_X_new_lines	Coverage on {count} New Lines to cover	Coverage auf {count} neue Zeilen Abdeckung
overview.duplications_on	Duplications on	Vervielfältigungen auf
overview.duplications_on_X_lines	Duplications on {count} Lines	Vervielfältigungen auf {count} Zeilen
overview.duplications_on_X_new_lines	Duplications on {count} New Lines	Vervielfältigungen auf {count} Neue Linien
		
overview.period.previous_version	Since {0}	Da {0}
		
# Old periods, necessary to display project that haven't been analyzed with new setting (MMF-1579)		
overview.period.previous_version_only_date	Since previous version	Da Vorversion
overview.period.previous_analysis	Since previous analysis	Da frühere Analyse
overview.period.days	Last {0} days	Letzte {0} Tage
overview.period.version	Since {0}	Da {0}
overview.period.date	After {0}	Nach {0}
overview.period.manual_baseline	Since {0}	Da {0}
		
# New periods (MMF-1579)		
overview.period.number_of_days	From last {0} days	Von den letzten {0} Tagen
overview.period.specific_analysis	Since {0}	Da {0}
overview.period.reference_branch	Compared to {0}	Im Vergleich zu {0}
		
overview.gate.ERROR	Failed	Gescheitert
overview.gate.WARN	Warning	Warnung
overview.gate.OK	Passed	Bestanden
overview.gate.view.no_alert	The view has passed the quality gate.	Die Ansicht hat die Qualität Tor passiert.
overview.gate.view.warnings	The view has warnings on the following quality gate conditions: {0}.	Die Ansicht hat Warnungen auf folgende Qualitäts Gate Bedingungen: {0}.
overview.gate.view.errors	The view failed the quality gate on the following conditions: {0}.	Die Ansicht konnte die Qualität Tor auf den folgenden Bedingungen: {0}.
		
overview.domain.duplications	Duplications	Vervielfältigungen
overview.domain.size	Size	Größe
		
overview.complexity_tooltip.function	{0} functions have complexity around {1}	{0} Funktionen haben Komplexität um {1}
overview.complexity_tooltip.file	{0} files have complexity around {1}	{0} Dateien Komplexität um {1}
		
overview.deprecated_profile	This Quality Profile uses {0} deprecated rules and should be updated.	Dieses Qualitätsprofil verwendet {0} veraltete Regeln und soll aktualisiert werden.
overview.deleted_profile	{0} has been deleted since the last analysis.	{0} wurde seit der letzten Auswertung gelöscht.
		
overview.badges.get_badge.TRK	Get project badges	Erhalten Projekt Abzeichen
overview.badges.get_badge.VW	Get portfolio badges	Erhalten Portfolio Abzeichen
overview.badges.get_badge.APP	Get application badges	Erhalten Anwendung Abzeichen
overview.badges.title	Get project badges	Erhalten Projekt Abzeichen
overview.badges.description.TRK	Show the status of your project metrics on your README or website. Pick your style:	Zeigen Sie den Status Ihrer Projektmetriken auf Ihrer README oder eine Website. Wählen Sie Ihre Art:
overview.badges.description.VW	Show the status of your portfolio metrics on your README or website. Pick your style:	Zeigen Sie den Status Ihrer Portfolio-Metriken auf Ihrer README oder eine Website. Wählen Sie Ihre Art:
overview.badges.description.APP	Show the status of your application metrics on your README or website. Pick your style:	Zeigen Sie den Status Ihrer Anwendung Metriken auf Ihrer README oder eine Website. Wählen Sie Ihre Art:
overview.badges.metric	Metric	Metrisch
overview.badges.options.colors.white	White	Weiß
overview.badges.options.colors.black	Black	Schwarz
overview.badges.options.colors.orange	Orange	Orange
overview.badges.options.formats.md	Markdown	Abschlag
overview.badges.options.formats.url	Image URL only	Bild-URL nur
overview.badges.measure.alt	Standard badge	Standard Abzeichen
overview.badges.measure.description.TRK	Displays the current status of one metric of your project.	Zeigt den aktuellen Status einer Metrik des Projekts.
overview.badges.measure.description.VW	Displays the current status of one metric of your portfolio.	Zeigt den aktuellen Status einer Metrik Ihres Portfolios.
overview.badges.measure.description.APP	Displays the current status of one metric of your application.	Zeigt den aktuellen Status einer Metrik Ihrer Anwendung.
overview.badges.marketing.alt	Scanned on SonarCloud badge	Gescannte auf SonarCloud Abzeichen
overview.badges.marketing.description	This badge lets you advertise that you're using SonarCloud for code quality.	Dieses Abzeichen können Sie werben, dass Sie SonarCloud für die Qualität des Codes verwenden.
overview.badges.marketing.description.TRK	This badge lets you advertise that you're using SonarCloud for code quality.	Dieses Abzeichen können Sie werben, dass Sie SonarCloud für die Qualität des Codes verwenden.
overview.badges.quality_gate.alt	Quality Gate badge	Quality Gate Abzeichen
overview.badges.quality_gate.description	Displays the current quality gate status of your project.	Zeigt den aktuellen Quality Gate Status des Projekts.
overview.badges.quality_gate.description.APP	Displays the current quality gate status of your application.	Zeigt den aktuellen Quality Gate Status Ihrer Bewerbung.
overview.badges.quality_gate.description.TRK	Displays the current quality gate status of your project.	Zeigt den aktuellen Quality Gate Status des Projekts.
overview.badges.quality_gate.description.VW	Displays the current quality gate status of your portfolio.	Zeigt den aktuellen Quality Gate Status Ihres Portfolios.
		
		
#------------------------------------------------------------------------------		
#		
# WS API		
#		
#------------------------------------------------------------------------------		
api_documentation.deprecation_tooltip	If an API is deprecated in version X.Y, this API will be dropped in version (X+2).0. Example: an API deprecated in 4.1 is supported in 4.2, 4.3, 5.0, 5.1, 5.2, 5.3 and is dropped in version 6.0.	Wenn ein API in Version X.Y veraltet ist, wird diese API in Version (X + 2) fallen gelassen werden 0,0. Beispiel: eine API in 4.1 veraltet ist in 4.2, 4.3, 5.0, 5.1, 5.2, 5.3 und fallen gelassen wird in der Version 6.0 unterstützt.
api_documentation.internal_tooltip	Use at your own risk; internal services are subject to change or removal without notice.	Benutzung auf eigene Gefahr; interne Dienste unterliegen Änderung oder Entfernung ohne vorherige Ankündigung.
api_documentation.page	Web API	Web API
api_documentation.show_deprecated	Show Deprecated API	Anzeigen Verworfene API
api_documentation.show_internal	Show Internal API	Zeige interne API
api_documentation.possible_values	Possible values	Mögliche Werte
api_documentation.default_values	Default value	Standardwert
api_documentation.example_values	Example value	Beispielwert
api_documentation.max_values	Maximum allowed values	Die maximal zulässige Werte
api_documentation.min_value	Minimum value	Mindestwert
api_documentation.max_value	Maximum value	Maximalwert
api_documentation.min_length	Minimum length	Minimale Länge
api_documentation.max_length	Maximum length	Maximale Länge
api_documentation.internal	internal	intern
api_documentation.deprecated	deprecated	deprecated
api_documentation.deprecated_since_x	deprecated since {0}	veraltet seit {0}
api_documentation.will_be_removed_in_x	Will be removed in {0}	Wird in entfernt werden {0}
api_documentation.parameters	Parameters	Parameter
api_documentation.response_example	Response Example	Antwort Beispiel
api_documentation.changelog	Changelog	Änderungsprotokoll
api_documentation.search	Search by name...	Suche mit Name...
		
		
#------------------------------------------------------------------------------		
#		
# DOCUMENTATION PAGE		
#		
#------------------------------------------------------------------------------		
documentation.page	Documentation	Dokumentation
documentation.page_title.sonarcloud	SonarCloud Docs	SonarCloud Docs
documentation.page_title.sonarqube	SonarQube Docs	Sonarqube Docs
documentation.on_this_page	On this page	Auf dieser Seite
documentation.skip_to_nav	Skip to documentation navigation	Direkt zum Dokumentation Navigation
		
		
#------------------------------------------------------------------------------		
#		
# CODE		
#		
#------------------------------------------------------------------------------		
code.open_component_page	Open Component's Page	Öffnen Sie die Komponenten Seite
code.search_placeholder	Search for files...	Suche nach Dateien ...
code.search_placeholder.portfolio	Search for projects and sub-portfolios...	Suche nach Projekten und Teilportfolios ...
		
		
#------------------------------------------------------------------------------		
#		
# COMPONENT MEASURES		
#		
#------------------------------------------------------------------------------		
component_measures.details_are_not_available	Details are not available for estimated measures.	Details sind für geschätzte Maßnahmen nicht zur Verfügung.
component_measures.domain_x_overview	{0} Overview	{0} Übersicht
component_measures.domain_overview	Overview	Überblick
component_measures.files	files	Dateien
component_measures.show_metric_history	Show history of this metric	Show Geschichte dieser Metrik
component_measures.tab.tree	Tree	Baum
component_measures.tab.list	List	Aufführen
component_measures.tab.treemap	Treemap	Treemap
component_measures.view_as	View as	Ansicht als
component_measures.legend.color_x	Color: {0}	Farbe: {0}
component_measures.legend.size_x	Size: {0}	Größe: {0}
component_measures.legend.worse_of_x_y	Worse of {0} and {1}	Schlimmer noch {0} und {1}
component_measures.legend.help	Click to toggle visibility.	Klicken Sie auf Sichtbarkeit ändern.
component_measures.no_history	There isn't enough data to generate an activity graph.	Es gibt nicht genügend Daten, die ein Aktivitäts Graph zu erzeugen.
component_measures.not_found	The requested measure was not found.	Die beantragte Maßnahme wurde nicht gefunden.
component_measures.empty	No measures.	Keine Maßnahmen.
component_measures.to_select_files	to select files	um Dateien
component_measures.to_navigate	to navigate	navigieren
component_measures.to_navigate_files	to next/previous file	zum nächsten / vorherigen Datei
component_measures.hidden_best_score_metrics	There are {0} hidden components with a score of {1}.	Es gibt {0} versteckt Komponenten mit einer Punktzahl von {1}.
component_measures.skip_to_filters	Skip to measure filters	Weiter zu den Filter messen
		
component_measures.overview.project_overview.facet	Project Overview	Projektübersicht
component_measures.overview.project_overview.title	Risk	Risiko
component_measures.overview.project_overview.description	Get quick insights into the operational risks. Any color but green indicates immediate risks: Bugs or Vulnerabilities that should be examined. A position at the top or right of the graph means that the longer-term health may be at risk. Green bubbles at the bottom-left are best.	Schneller Einblick in die operationellen Risiken. Jede Farbe, sondern grün zeigt unmittelbare Gefahren: Bugs oder Schwachstellen, die untersucht werden sollen. Eine Position am oberen oder rechts neben der Grafik bedeutet, dass die längerfristige Gesundheit gefährdet sein könnte. Grüne Blasen an der linken unteren Ecke sind am besten.
component_measures.overview.Reliability.description	See bugs' operational risks. The closer a bubble's color is to red, the more severe the worst bugs are. Bubble size indicates bug volume, and each bubble's vertical position reflects the estimated time to address the bugs. Small green bubbles on the bottom edge are best.	Siehe Fehler operationellen Risiken. Je näher eine Blase Farbe rot ist, desto schwerwiegender ist die schlimmsten Bugs sind. Blasengröße gibt an Bug Volumen und jede Blase der vertikale Position spiegelt die geschätzte Zeit, um die Fehler zu beheben. Kleine grüne Blasen am unteren Rand sind am besten.
component_measures.overview.Security.description	See vulnerabilities' operational risks. The closer a bubble's color is to red, the more severe the worst vulnerabilities are. Bubble size indicates vulnerability volume, and each bubble's vertical position reflects the estimated time to address the vulnerabilities. Small green bubbles on the bottom edge are best.	Siehe Verwundbarkeiten operationellen Risiken. Je näher eine Blase Farbe rot ist, desto schwerwiegender ist die schlimmsten Schwachstellen sind. Blasengröße zeigt Verwundbarkeit Volumen und jede Blase der vertikale Position spiegelt die geschätzte Zeit, um die Schwachstellen zu beseitigen. Kleine grüne Blasen am unteren Rand sind am besten.
component_measures.overview.Maintainability.description	See code smells' long-term risks. The closer a bubble's color is to red, the higher the ratio of technical debt is. Bubble size indicates code smell volume, and each bubble's vertical position reflects the estimated time to address the code smells. Small green bubbles on the bottom edge are best.	Siehe Code Smells' langfristigen Risiken. Je näher eine Blase Farbe rot ist, je höher das Verhältnis von technischen Schulden. Blasengröße zeigt Codegeruch Volumen und jede Blase der vertikale Position spiegelt die geschätzte Zeit bis zum Adresse des Code riecht. Kleine grüne Blasen am unteren Rand sind am besten.
component_measures.overview.Coverage.description	See missing test coverage's long-term risks. Bubble size indicates the volume of uncovered lines, and each bubble's vertical position reflects the volume of missing coverage. Small bubbles on the bottom edge are best.	Siehe Langzeit der Testabdeckung Risiken fehlen. Blasengröße gibt das Volumen der ungedeckten Linien und jede Blase der vertikale Position spiegelt das Volumen der Abdeckung fehlt. Kleine Blasen am unteren Rand sind am besten.
component_measures.overview.Duplications.description	See duplications' long-term risks. Bubble size indicates the volume of duplicated blocks, and each bubble's vertical position reflects the volume of lines in those blocks. Small bubbles on the bottom edge are best.	Siehe Vervielfältigungen langfristigen Risiken. Blasengröße gibt das Volumen der duplizierten Blöcke und jede Blase der vertikale Position zeigt Volumen von Linien in diesen Blöcken. Kleine Blasen am unteren Rand sind am besten.
		
component_measures.domain_facets.Reliability.help	Issues in this domain mark code where you will get behavior other than what was expected.	Probleme in diesem Bereich Zeichen Code, wo Sie Verhalten bekommen andere als das, was erwartet wurde.
component_measures.domain_facets.Maintainability.help	Issues in this domain mark code that will be more difficult to update competently than it should.	Probleme in diesem Bereich Zeichen-Code, wird es schwieriger zu aktualisieren kompetent als es sollte.
component_measures.domain_facets.Security.help	Issues in this domain mark potential weaknesses to hackers.	Probleme in diesem Bereich markieren potenzielle Schwachstellen für Hacker.
component_measures.domain_facets.SecurityReview.help	This domain represents potential security risks in the form of hotspots and their review status.	Dieser Bereich stellt ein potenzielles Sicherheitsrisiko in Form von Hotspots und deren Prüfungsstatus.
component_measures.domain_facets.Complexity.help	How simple or complicated the control flow of the application is. Cyclomatic Complexity measures the minimum number of test cases required for full test coverage. Cognitive Complexity is a measure of how difficult the application is to understand	Wie einfach oder kompliziert der Steuerungsablauf der Anwendung ist. Zyklomatische Komplexität misst die minimale Anzahl von Testfällen für die vollständige Testabdeckung erforderlich. Kognitive Komplexität ist ein Maß dafür, wie schwierig die Anwendung zu verstehen,
		
component_measures.facet_category.new_code_category	On new code	Auf neuen Code
component_measures.facet_category.overall_category	Overall	Insgesamt
component_measures.facet_category.overall_category.estimated	Estimated after merge	Geschätzte nach merge
component_measures.facet_category.tests_category	Tests	Tests
component_measures.bubble_chart.zoom_level	Current zoom level. Scroll on the chart to zoom or unzoom, click here to reset.	Aktuelle Zoomstufe. Blättern Sie auf der Karte zu vergrößern oder unzoom, klicken Sie hier zurücksetzen.
		
#------------------------------------------------------------------------------		
#		
# ABOUT PAGE		
#		
#------------------------------------------------------------------------------		
about_page.projects_analyzed	Projects	Projekte
about_page.read_more	Read More	Weiterlesen
about_page.read_documentation	Read documentation	lesen Sie Dokumentation
		
about_page.languages	Multi-Language	Multi-Language
about_page.languages.text	20+ programming languages are supported by SonarQube, including:	20+ Programmiersprachen werden von Sonarqube, einschließlich unterstützt:
		
about_page.quality_model	Quality Model	Qualitätsmodell
about_page.quality_model.bugs	track code that is demonstrably wrong or highly likely to yield unexpected behavior.	verfolgt Code, die nachweislich falsch ist oder sehr wahrscheinlich ein unerwartetes Verhalten zu ergeben.
about_page.quality_model.vulnerabilities	are raised on code that can be exploited by hackers.	werden auf Code ausgelöst, die von Hackern ausgenutzt werden kann.
about_page.quality_model.code_smells	will confuse maintainers or give them pause. They are measured primarily in terms of the time they will take to fix.	wird Maintainer verwirren oder pausieren geben. Sie werden vor allem in Bezug auf die Zeit gemessen, sie zu beheben nehmen.
about_page.quality_model.security_hotspots	are raised on security-sensitive code that requires manual review to assess whether or not a vulnerability exists.	auf sicherheitsempfindlichen Code ausgelöst, die manuelle Überprüfung erfordert zu beurteilen, ob eine Sicherheitslücke existiert.
		
about_page.clean_code	Write Clean Code	Schreiben Clean Code
about_page.clean_code.text	By fixing new issues as they appear in code, you create and maintain a clean code base. Even on legacy projects, focusing on keeping new code clean will eventually yield a code base you can be proud of.	Durch die Festlegung neue Fragen, wie sie im Code erscheinen, erstellen Sie und pflegen eine saubere Code-Basis. Auch auf Legacy-Projekte, wobei der Schwerpunkt auf neuen Code sauber zu halten wird schließlich eine Code-Basis liefern Sie stolz sein können.
		
about_page.fix_the_leak	Clean as You Code	Sauber wie Sie Code
about_page.fix_the_leak_on_new_code.text	The Clean as You Code approach and the default Quality Gate are based on the new code period - the recent period against which you're tracking issues. For some previous_version makes the most sense, for others the last 30 days is a good option.	Der Clean as You-Code Ansatz und die Standard-Quality Gate sind auf der neuen Codeperiode basieren - die letzte Zeit, gegen denen Sie Fragen sind zu verfolgen. Für einige previous_version am meisten Sinn macht, für andere die letzten 30 Tage ist eine gute Option.
		
about_page.quality_gates	Enforce Quality Gate	Erzwingen Quality Gate
about_page.quality_gates.text	Your project's Quality Gate is the set of conditions the project must meet before it can be released into production. The Quality Gate is designed to ensure that the next version's quality will be better than the last.	Ihr Projekt Quality Gate ist die Menge der Bedingungen das Projekt erfüllen muss, bevor es in die Produktion freigegeben werden kann. Das Quality Gate wird entwickelt, um sicherzustellen, dass die Qualität der nächsten Version wird besser sein als die anderen.
		
about_page.standards	Follow Standards	Folgen Standards
about_page.standards.text	SonarQube offers rules that support industry standards. Configure your Quality Profile with standard-related rules to ensure adherence.	Sonarqube bietet Regeln, dass die Unterstützung der Industrie-Standards. Konfigurieren Sie Ihr Qualitätsprofil mit Standardbezogenen Regeln Einhaltung zu gewährleisten.
		
about_page.scanners	Run Analysis With A SonarQube Scanner	Run-Analyse mit einer Sonarqube Scanner
about_page.scanners.text	For a good user experience, choose the scanner that matches your environment best. If you don't know which one suits you best, SonarQube Scanner CLI is the way to go.	Für einen guten User Experience, wählen Sie den Scanner, der Ihre Umgebung am besten entspricht. Wenn Sie nicht wissen, was man Ihnen am besten passt, ist Sonarqube Scanner CLI dem Weg zu gehen.
about_page.scanners.sonarqube	SonarQube Scanner	Sonarqube Scanner
about_page.scanners.msbuild	SonarQube Scanner for MSBuild	Sonarqube Scanner für MSBuild
about_page.scanners.maven	SonarQube Scanner for Maven	Sonarqube Scanner für Maven
about_page.scanners.gradle	SonarQube Scanner for Gradle	Sonarqube Scanner für Gradle
about_page.scanners.jenkins	SonarQube Scanner for Jenkins	Sonarqube Scanner für Jenkins
about_page.scanners.ant	SonarQube Scanner for Ant	Sonarqube Scanner für Ant
		
#------------------------------------------------------------------------------		
#		
# EMBEDED DOCS		
#		
#------------------------------------------------------------------------------		
embed_docs.blog	Blog	Blog
embed_docs.documentation	Documentation	Dokumentation
embed_docs.get_help	Get Help	Hilfe erhalten
embed_docs.latest_blog	Latest blog	Neueste Blog
embed_docs.news	Product News	Produkt-News
embed_docs.stay_connected	Stay Connected	In Verbindung bleiben
embed_docs.suggestion	Suggestions For This Page	Vorschläge für diese Seite
embed_docs.whats_new	What's new on SonarCloud?	Was ist neu auf SonarCloud?
		
#------------------------------------------------------------------------------		
#		
# GLOBAL FOOTER		
#		
#------------------------------------------------------------------------------		
footer.about	About	Über
footer.community	Community	Gemeinschaft
footer.contact_us	Contact us	Kontaktiere uns
footer.documentation	Documentation	Dokumentation
footer.help	Help	Hilfe
footer.license	LGPL v3	LGPL v3
footer.news	News	Nachrichten
footer.plugins	Plugins	Plugins
footer.pricing	Pricing	Preisgestaltung
footer.privacy	Privacy	Privatsphäre
footer.production_database_explanation	The embedded database will not scale, it will not support upgrading to newer versions of {instance}, and there is no support for migrating your data out of it into a different database engine.	Die eingebettete Datenbank wird nicht Maßstab, wird es nicht ein Upgrade auf neuere Versionen von {instance} unterstützen, und es gibt keine Unterstützung für Ihre Daten aus ihm heraus in eine andere Datenbank-Engine migrieren.
footer.production_database_warning	Embedded database should be used for evaluation purposes only	nur Embedded-Datenbank sollte für Evaluierungszwecke verwendet werden
footer.security	Security	Sicherheit
footer.status	Status	Status
footer.terms	Terms	Bedingungen
footer.twitter	Twitter	zwitschern
footer.version_x	Version {0}	Version {0}
footer.web_api	Web API	Web API
		
		
#------------------------------------------------------------------------------		
#		
# ONBOARDING		
#		
#------------------------------------------------------------------------------		
onboarding.alm.azure	Azure DevOps	Azure DevOps
onboarding.alm.bitbucket	Bitbucket Server	Bitbucket Server
onboarding.alm.gitlab	GitLab	Gitlab
		
onboarding.project_analysis.header	Analyze your project	Analysieren Sie Ihr Projekt
onboarding.project_analysis.description	We initialized your project on {instance}, now it's up to you to launch analyses!	Wir initialisiert Ihr Projekt auf {instance}, jetzt ist es zu Start Analysen an Sie!
onboarding.project_analysis.guide_to_integrate_pipelines	follow the guide to integrating with Pipelines	folgen Sie der Anleitung mit Pipelines zur Integration
		
onboarding.create_project.set_up_x	Set up {0}	Richten Sie {0}
onboarding.create_project.help_set_up_x	Learn more on how to set up {0}	Erfahren Sie mehr darüber, wie einzurichten {0}
		
onboarding.create_project.setup_manually	Create a project	Erstellen Sie ein Projekt
onboarding.create_project.select_method.manual	Manually	Manuell
onboarding.create_project.select_method.azure	From Azure DevOps	Von Azure DevOps
onboarding.create_project.select_method.bitbucket	From Bitbucket Server	Von Bitbucket Server
onboarding.create_project.select_method.github	From GitHub	von GitHub
onboarding.create_project.select_method.gitlab	From GitLab	von Gitlab
onboarding.create_project.alm_not_configured	Currently not active	Zur Zeit nicht aktiv
onboarding.create_project.check_alm_supported	Checking if available	Prüfen, ob verfügbar
onboarding.create_project.project_key	Project key	Projektschlüssel
onboarding.create_project.project_key.description	Up to 400 characters. Allowed characters are alphanumeric, '-' (dash), '_' (underscore), '.' (period) and ':' (colon), with at least one non-digit.	Bis zu 400 Zeichen. Erlaubte Zeichen sind alphanumerische Zeichen, '-' (Bindestrich), '_' (Unterstrich), '' (Periode) und ‚:‘ (Doppelpunkt), mit mindestens einer nicht-Ziffer.
onboarding.create_project.project_key.error.empty	You must provide at least one character.	Sie müssen mindestens ein Zeichen geben.
onboarding.create_project.project_key.error.too_long	The provided key is too long.	Die zur Verfügung gestellten Schlüssel ist zu lang.
onboarding.create_project.project_key.error.invalid_char	The provided key contains invalid characters.	Die zur Verfügung gestellten Schlüssel enthält ungültige Zeichen.
onboarding.create_project.project_key.error.only_digits	The provided key contains only digits.	Die zur Verfügung gestellten Schlüssel enthält nur Ziffern.
onboarding.create_project.project_key.help	Your project key is a unique identifier for your project. If you are using Maven, make sure the key matches the "groupId:artifactId" format.	Ihr Projektschlüssel ist eine eindeutige Kennung für Ihr Projekt. Wenn Sie Maven verwenden, stellen Sie sicher, dass der Schlüssel wird die „groupId: artifactId“ -Format.
onboarding.create_project.project_key.taken	This project key is already taken.	Dieses Projekt Schlüssel ist bereits vergeben.
onboarding.create_project.display_name	Display name	Anzeigename
onboarding.create_project.display_name.error.empty	The display name is required.	Der Anzeigename ist erforderlich.
onboarding.create_project.display_name.error.too_long	The display name is too long.	Der Anzeigename ist zu lang.
onboarding.create_project.display_name.description	Up to 255 characters	Bis zu 255 Zeichen
onboarding.create_project.display_name.help	Some scanners might override the value you provide.	Einige Scanner könnten den Wert überschreiben Sie.
onboarding.create_project.repository_imported	Already set up	Bereits einrichten
onboarding.create_project.see_project	See the project	Siehe das Projekt
onboarding.create_project.search_repositories_by_name	Search for repository name starting with...	Suche nach Repositorynamen, beginnend mit ...
onboarding.create_project.search_projects_repositories	Search for projects and repositories	Suche nach Projekten und Repositorys
onboarding.create_project.search_repositories	Search for a repository	Suche nach einem Endlager
onboarding.create_project.select_repositories	Select repositories	Wählen Sie Repositorys
onboarding.create_project.select_all_repositories	Select all available repositories	Wählen Sie alle verfügbaren Repositorys
onboarding.create_project.from_bbs	Create a project from Bitbucket Server	Erstellen Sie ein Projekt von Bitbucket Server
		
onboarding.create_application.key.description	If specified, this value is used as the key instead of generating it from the name of the Application. Only letters, digits, dashes and underscores can be used.	Wenn angegeben, wird dieser Wert als Schlüssel verwendet, anstatt sie aus dem Namen der Anwendung zu erzeugen. Nur Buchstaben, Ziffern, können Bindestriche und Unterstriche verwendet werden.
		
onboarding.create_project.pat_form.title.azure	Allow SonarQube to access and list your Azure DevOps repositories	Lassen Sie Sonarqube den Zugriff auf und die Liste Ihrer Azure DevOps Repositories
onboarding.create_project.pat_form.title.bitbucket	Grant access to your repositories	Grant-Zugriff auf Ihre Repositories
onboarding.create_project.pat_form.title.gitlab	Grant access to your projects	Grant-Zugriff auf Ihre Projekte
onboarding.create_project.pat_form.help.azure	SonarQube needs a personal access token to access and list your repositories from Azure DevOps.	Sonarqube braucht einen persönlichen Zugriffstoken für den Zugriff und die Liste der Repositorys von Azure DevOps.
onboarding.create_project.pat_form.help.bitbucket	SonarQube needs a personal access token to access and list your repositories from Bitbucket Server.	Sonarqube braucht einen persönlichen Zugang zum Zugriffstoken und Liste Ihrer Repositories von Bitbucket Server.
onboarding.create_project.pat_form.help.gitlab	SonarQube needs a personal access token to access and list your projects from GitLab.	Sonarqube braucht einen persönlichen Zugang zum Zugriffstoken und Liste Ihrer Projekte aus Gitlab.
onboarding.create_project.pat_form.pat_required	Please enter a personal access token	Bitte geben Sie einen persönlichen Zugriffstoken
onboarding.create_project.pat_form.list_repositories	List repositories	Liste Repositorys
onboarding.create_project.select_method	How do you want to create your project?	Wie wollen Sie Ihr Projekt erstellen?
onboarding.create_project.too_many_alm_instances.azure	You must have exactly 1 Azure DevOps instance configured in order to use this method.	Sie müssen genau 1 Azure DevOps Instanz konfiguriert, um haben diese Methode zu verwenden.
onboarding.create_project.too_many_alm_instances.bitbucket	You must have exactly 1 Bitbucket Server instance configured in order to use this method.	Sie müssen genau 1 Bitbucket Server-Instanz, um diese Methode zu verwenden konfiguriert haben.
onboarding.create_project.too_many_alm_instances.github	You must have exactly 1 GitHub instance configured in order to use this method.	Sie müssen genau 1 GitHub Instanz, um diese Methode zu verwenden konfiguriert haben.
onboarding.create_project.too_many_alm_instances.gitlab	You must have exactly 1 GitLab instance configured in order to use this method.	Sie müssen genau 1 Gitlab Instanz, um diese Methode zu verwenden konfiguriert haben.
onboarding.create_project.alm_instances_count_X	You currently have {0}.	Sie haben derzeit {0}.
onboarding.create_project.zero_alm_instances.azure	You must first configure an Azure DevOps instance.	Sie müssen zuerst eine Azure DevOps Instanz konfigurieren.
onboarding.create_project.zero_alm_instances.bitbucket	You must first configure a Bitbucket Server instance.	Sie müssen zuerst eine Bitbucket Server-Instanz konfigurieren.
onboarding.create_project.zero_alm_instances.github	You must first configure a GitHub instance.	Sie müssen zuerst eine GitHub-Instanz konfigurieren.
onboarding.create_project.zero_alm_instances.gitlab	You must first configure a GitLab instance.	Sie müssen zunächst eine Gitlab Instanz konfigurieren.
onboarding.create_project.wrong_binding_count	You must have exactly 1 {alm} instance configured in order to use this method, but none were found. Either create the project manually, or contact your system administrator.	Sie müssen genau 1 {} alm Instanz konfiguriert, um diese Methode zu verwenden, aber keine gefunden. Erstellen Sie entweder das Projekt manuell, oder kontaktieren Sie Ihren Systemadministrator.
onboarding.create_project.wrong_binding_count.admin	You must have exactly 1 {alm} instance configured in order to use this method. You can configure instances under {url}.	Sie müssen genau 1 {} alm Instanz, um diese Methode zu verwenden konfiguriert haben. Sie können Instanzen unter {url} konfigurieren.
onboarding.create_project.enter_pat	Enter personal access token	Geben Sie persönliche Zugriffstoken
onboarding.create_project.pat_incorrect.azure	Your personal access couldn't be validated.	Ihr persönlicher Zugang kann nicht bestätigt werden.
onboarding.create_project.pat_incorrect.bitbucket	Your personal access couldn't be validated.	Ihr persönlicher Zugang kann nicht bestätigt werden.
onboarding.create_project.pat_incorrect.gitlab	Your personal access couldn't be validated. Please make sure it has the right scope and that it is not expired.	Ihr persönlicher Zugang kann nicht bestätigt werden. Bitte stellen Sie sicher, dass es den richtigen Umfang hat und dass es nicht abgelaufen ist.
onboarding.create_project.pat_help.title	How to create a personal access token?	Wie man einen persönlichen Zugriffstoken erstellen?
		
onboarding.create_project.pat_help.instructions.azure	Create and provide an Azure DevOps {link}. You need to select the {scope} scope so we can display a list of your repositories which are available for analysis.	Erstellen und bieten eine Azure DevOps {link}. Sie müssen den {Umfang} Bereich auszuwählen, so dass wir eine Liste Ihrer Repositories angezeigt werden können, die für die Analyse zur Verfügung stehen.
onboarding.create_project.pat_help.instructions.link.azure	personal access token	persönliche Zugriffstoken
		
onboarding.create_project.pat_help.instructions	Click the following link to generate a token in {alm}, and copy-paste it into the personal access token field.	Klicken Sie auf den folgenden Link, um ein Token in {} alm zu erzeugen, und kopieren und einfügen es in den persönlichen Zugriffstoken Feld.
onboarding.create_project.pat_help.instructions2.bitbucket	Set a name, for example "SonarQube", and select the following permissions:	Legen Sie einen Namen, zum Beispiel „Sonarqube“, und wählen Sie die folgenden Berechtigungen:
onboarding.create_project.pat_help.link	Create personal access token	Erstellen Sie persönliche Zugriffstoken
onboarding.create_project.pat_help.bbs_permission_projects	Projects: {perm}	Projekte: {zul}
onboarding.create_project.pat_help.bbs_permission_repos	Repositories: {perm}	Repositorys: {zul}
onboarding.create_project.pat_help.read_permission	Read	Lesen
		
onboarding.create_project.pat_help.instructions2.gitlab	Set a name, for example "SonarQube", and select the following scope:	Legen Sie einen Namen, zum Beispiel „Sonarqube“, und wählen Sie den folgenden Umfang:
onboarding.create_project.pat_help.gitlab.read_api_permission	read_api	read_api
		
onboarding.create_project.no_bbs_projects	No projects could be fetched from Bitbucket Server. Contact your system administrator, or {link}.	Keine Projekte könnten von Bitbucket Server abgerufen werden. Kontaktieren Sie Ihren Systemadministrator oder {link}.
onboarding.create_project.no_bbs_repos	No repositories were found for this project. Contact your system administrator, or {link}.	Keine Repositories wurden für dieses Projekt gefunden. Kontaktieren Sie Ihren Systemadministrator oder {link}.
onboarding.create_project.update_your_token	update your personal access token	Aktualisieren Sie Ihre persönlichen Zugriffstoken
onboarding.create_project.no_bbs_repos.filter	No repositories match your filter.	Keine Repositories entsprechen Ihre Filter.
onboarding.create_project.only_showing_X_first_repos	We're only displaying the first {0} repositories. If you're looking for a repository that's not in this list, use the search above.	Wir Anzeige nur die ersten {0} Repositories. Wenn Sie für ein Endlager suchen, die nicht in dieser Liste ist, verwenden Sie die Suche oben.
onboarding.create_project.import_selected_repo	Set up selected repository	Richten Sie ausgewählte Repository
onboarding.create_project.go_to_project	Go to project	Zum Projekt
		
onboarding.create_project.azure.title	Which Azure DevOps repository do you want to set up?	Welche Azure DevOps Repository tun Sie einrichten möchten?
onboarding.create_project.azure.no_projects	No projects could be fetched from Azure DevOps. Contact your system administrator, or {link}.	Keine Projekte könnten von Azure DevOps abgeholt werden. Kontaktieren Sie Ihren Systemadministrator oder {link}.
onboarding.create_project.azure.no_repositories	Could not fetch repositories for this project. Contact your system administrator, or {link}.	Kann nicht Repositories für dieses Projekt holen. Kontaktieren Sie Ihren Systemadministrator oder {link}.
onboarding.create_project.azure.no_results	No repositories match your search query.	Keine Repositories entsprechen Ihrer Suchanfrage.
onboarding.create_project.github.title	Which GitHub repository do you want to set up?	Welche GitHub-Repository tun Sie einrichten möchten?
onboarding.create_project.github.choose_organization	Choose organization	wählen Sie Organisation
onboarding.create_project.github.warning.title	Could not connect to GitHub	Kann nicht zu GitHub verbinden
onboarding.create_project.github.warning.message	Please contact an administrator to configure GitHub integration.	Bitte kontaktieren Sie einen Administrator konfigurieren GitHub Integration.
onboarding.create_project.github.warning.message_admin	Please make sure the GitHub instance is correctly configured in the {link} to create a new project from a repository.	Bitte stellen Sie sicher, dass die GitHub-Instanz korrekt in der {link} konfiguriert ist, um ein neues Projekt aus einem Repository zu erstellen.
onboarding.create_project.github.warning.message_admin.link	ALM integration settings	ALM-Integration Einstellungen
onboarding.create_project.github.no_orgs	We couldn't load any organizations with your key. Contact an administrator.	Es konnten keine Organisationen mit Ihrem Schlüssel laden. Kontaktieren Sie einen Administrator.
onboarding.create_project.github.no_orgs_admin	We couldn't load any organizations. Make sure the GitHub App is installed in at least one organization and check the GitHub instance configuration in the {link}.	Es konnten keine Organisationen laden. Stellen Sie sicher, dass die GitHub App in mindestens einer Organisation installiert ist, und überprüfen Sie die GitHub-Instanz-Konfiguration in der {link}.
onboarding.create_project.gitlab.title	Which GitLab project do you want to set up?	Welche Gitlab Projekt tun Sie einrichten möchten?
onboarding.create_project.gitlab.no_projects	No projects could be fetched from Gitlab. Contact your system administrator, or {link}.	Keine Projekte könnten von Gitlab abgerufen werden. Kontaktieren Sie Ihren Systemadministrator oder {link}.
onboarding.create_project.gitlab.link	See on GitLab	Siehe Gitlab
onboarding.create_project.gitlab.search_prompt	Search for projects	Suche nach Projekten
onboarding.create_project.gitlab.set_up	Set up	Einrichten
		
onboarding.token.header	Provide a token	Geben Sie einen Token
onboarding.token.text	The token is used to identify you when an analysis is performed. If it has been compromised, you can revoke it at any point of time in your {link}.	Das Token wird verwendet, um Sie zu identifizieren, wenn eine Analyse durchgeführt wird. Wenn es kompromittiert wurde, können Sie es an jedem Punkt der Zeit in Ihrem {link} widerrufen.
onboarding.token.text.user_account	user account	Benutzerkonto
onboarding.token.generate	Generate	Generieren
onboarding.token.placeholder	Enter a name for your token	Geben Sie einen Namen für Ihre Token
onboarding.token.generate_token	Generate a token	Generieren Sie ein Token
onboarding.token.generate_token.placeholder	Enter a name for your token	Geben Sie einen Namen für Ihre Token
onboarding.token.use_existing_token	Use existing token	Die Nutzung der vorhandenen Token
onboarding.token.use_existing_token.placeholder	Enter your existing token	Geben Sie Ihre bestehende Token
onboarding.token.use_existing_token.label	Existing token value	Bestehende Tokenwert
onboarding.token.invalid_format	The token you have entered has invalid format.	Das Token eingegebene hat ein ungültiges Format.
		
onboarding.tutorial.env_variables	In the {field} field, enter {value} {extra}	Im {field} Feld, geben Sie {Wert} {} Extras
onboarding.tutorial.env_variables.field	Value	Wert
onboarding.tutorial.env_variables.token_generator.value	an existing token, or a newly generated one:	eine bestehende Token oder ein neu generiertes one:
		
onboarding.analysis.header	Run analysis on your project	Führen Sie Analyse auf Ihrem Projekt
onboarding.analysis.auto_refresh_after_analysis	Once the analysis is completed, this page will automatically refresh and you will be able to browse the analysis results.	Sobald die Analyse abgeschlossen ist, wird diese Seite automatisch neu geladen und können Sie die Analyseergebnisse durchsuchen.
		
onboarding.build	What option best describes your build?	Was Option am besten beschreibt Ihre bauen?
onboarding.build.maven	Maven	Maven
onboarding.build.gradle	Gradle	Gradle
onboarding.build.make	Make	Machen
onboarding.build.dotnet	.NET	.NETZ
onboarding.build.dotnet.win_core	Windows + .NET Core	Windows + .NET-Core
onboarding.build.dotnet.win_msbuild	Windows + .NET Framework	Windows + .NET Framework
onboarding.build.dotnet.linux_core	Linux + .NET Core	Linux + .NET-Core
onboarding.build.cfamily	C,C++ or ObjC	C, C ++ oder ObjC
onboarding.build.other	Other (for JS, TS, Go, Python, PHP, ...)	Andere (JS, TS, Go, Python, PHP, ...)
		
onboarding.build.dotnet.variant	Choose your build tool	Wählen Sie Ihre Build-Tool
onboarding.build.dotnet.variant.dotnet_core	.NET Core	.NET-Core
onboarding.build.dotnet.variant.dotnet_framework	.NET Framework	.NET Framework
		
onboarding.build.other.os	What is your OS?	Was ist Ihr Betriebssystem?
onboarding.build.other.os.linux	Linux	Linux
onboarding.build.other.os.win	Windows	Windows
onboarding.build.other.os.mac	macOS	Mac OS
		
onboarding.analysis.docs	Please visit the {link} for more details.	Bitte besuchen Sie die {link} für weitere Details.
onboarding.analysis.build_wrapper.header.linux	Download and unzip the Build Wrapper for Linux	Herunterladen und Entpacken Sie die Build-Wrapper für Linux
onboarding.analysis.build_wrapper.header.win	Download and unzip the Build Wrapper for Windows	Herunterladen und Entpacken Sie die Build-Wrapper für Windows
onboarding.analysis.build_wrapper.header.mac	Download and unzip the Build Wrapper for macOS	Herunterladen und Entpacken Sie die Build-Wrapper für macOS
onboarding.analysis.build_wrapper.text	And add the executable's directory to the {env_var} environment variable	Und fügen Sie das Verzeichnis der ausführbaren Datei in das Verzeichnis {env_var} Umgebungsvariable
onboarding.analysis.build_wrapper.execute	Execute the Build Wrapper as a prefix to your build command	Führen Sie die Build-Wrapper als Präfix für Ihren Build-Befehl
onboarding.analysis.build_wrapper.execute_text	Run the following command in your project's folder.	Führen Sie den folgenden Befehl in Ihrem Projektordner.
onboarding.analysis.build_wrapper.execute_build_command	<your clean build command>	<Ihr bereinigter Build Befehl>
onboarding.analysis.build_wrapper.docs	Please visit the {link}  of the Build Wrapper for more details.	Bitte besuchen Sie die {link} des Build-Wrapper für weitere Details.
onboarding.analysis.build_wrapper.docs_link	official documentation	offizielle Dokumentation
		
		
onboarding.analysis.java.maven.header	Execute the Scanner for Maven from your computer	Führen Sie den Scanner für Maven von Ihrem Computer
onboarding.analysis.java.maven.header.ci	Execute the Scanner for Maven from your CI	Führen Sie den Scanner für Maven aus Ihrem CI
onboarding.analysis.java.maven.text	Running a {instance} analysis with Maven is straighforward. You just need to run the following command in your project's folder.	eine {instance} Analyse mit Maven Laufen ist straighforward. Sie müssen nur den folgenden Befehl in Ihrem Projektordner laufen.
onboarding.analysis.java.maven.docs_link	official documentation of the Scanner for Maven	offizielle Dokumentation des Scanners für Maven
onboarding.analysis.java.maven.text.custom	Run the following command in your project's folder.	Führen Sie den folgenden Befehl in Ihrem Projektordner.
onboarding.analysis.java.maven.text.custom.ci	Run the following command in the project's folder.	Führen Sie den folgenden Befehl in den Projektordner.
onboarding.analysis.java.maven.header.sonarcloud	Execute the Scanner for Maven from Travis	Führen Sie den Scanner für Maven von Travis
onboarding.analysis.java.maven.text.sonarcloud	Add the following lines to your <code>.travis.yml</code> file:	Fügen Sie die folgenden Zeilen in <code> .travis.yml </ code> Datei:
		
onboarding.analysis.java.gradle.header	Execute the Scanner for Gradle from your computer	Führen Sie den Scanner für Gradle von Ihrem Computer
onboarding.analysis.java.gradle.header.ci	Execute the Scanner for Gradle from your CI	Führen Sie den Scanner für Gradle von Ihrem CI
onboarding.analysis.java.gradle.text.1	Running an analysis with Gradle is straighforward. You just need to declare the {plugin_code} plugin in your {filename} file:	eine Analyse mit Gradle Laufen ist straighforward. Sie müssen nur die {plugin_code} Plugin in Ihrem {Dateiname} Datei deklarieren:
onboarding.analysis.java.gradle.text.2	and run the following command:	und führen Sie den folgenden Befehl ein:
onboarding.analysis.java.gradle.latest_version	You can find the latest version of the Gradle plugin {link}.	Sie können die neueste Version des Gradle Plugin finden {link}.
onboarding.analysis.java.gradle.docs_link	official documentation of the Scanner for Gradle	offizielle Dokumentation des Scanners für Gradle
onboarding.analysis.java.gradle.header.sonarcloud	Execute the Scanner for Gradle from Travis	Führen Sie den Scanner für Gradle von Travis
onboarding.analysis.java.gradle.text.1.sonarcloud	Declare the {plugin} plugin in your {file} file:	Deklarieren Sie die {Plugin} Plugin in Ihrer {Datei} Datei:
onboarding.analysis.java.gradle.text.2.sonarcloud	and add the following lines to your {file} file:	und fügen Sie die folgenden Zeilen zu Ihrer {Datei} Datei:
		
onboarding.analysis.msbuild.header	Download and unzip the Scanner for MSBuild	Herunterladen und Entpacken der Scanner für MSBuild
onboarding.analysis.msbuild.text	And add the executable's directory to the {code} environment variable	Und fügen Sie das Verzeichnis der ausführbaren Datei in das Verzeichnis {code} Umgebungsvariable
onboarding.analysis.msbuild.execute	Execute the Scanner for .NET from your computer	Führen Sie den Scanner für .NET von Ihrem Computer
onboarding.analysis.msbuild.execute.text	Running a {instance} analysis is straighforward. You just need to execute the following commands at the root of your solution.	Laufen ist eine {instance} Analyse straighforward. Sie müssen nur die folgenden Befehle an der Wurzel Ihrer Lösung auszuführen.
onboarding.analysis.msbuild.docs_link	official documentation of the Scanner for .NET	offizielle Dokumentation des Scanners für .NET
onboarding.analysis.msbuild.header.sonarcloud	Download and unzip the Scanner for MSBuild	Herunterladen und Entpacken der Scanner für MSBuild
onboarding.analysis.msbuild.text.sonarcloud	And add the executable's directory to the <code>%PATH%</code> environment variable	Und fügen Sie das Verzeichnis der ausführbaren Datei mit dem <code>% PATH% </ code> Umgebungsvariable
onboarding.analysis.msbuild.execute.sonarcloud	Execute the Scanner for MSBuild from your computer	Führen Sie den Scanner für MSBuild von Ihrem Computer
onboarding.analysis.msbuild.execute.text.sonarcloud	Execute the following commands at the root of your solution.	Führen Sie die folgenden Befehle an der Wurzel Ihrer Lösung.
		
onboarding.analysis.sq_scanner.header.linux	Download and unzip the Scanner for Linux	Herunterladen und Entpacken der Scanner für Linux
onboarding.analysis.sq_scanner.header.win	Download and unzip the Scanner for Windows	Herunterladen und Entpacken der Scanner für Windows
onboarding.analysis.sq_scanner.header.mac	Download and unzip the Scanner for macOS	Herunterladen und Entpacken der Scanner für Mac OS
onboarding.analysis.sq_scanner.text	And add the {dir} directory to the {env_var} environment variable	Und fügen Sie den {dir} Verzeichnis der {env_var} Umgebungsvariable
onboarding.analysis.sq_scanner.text.linux	And add the <code>bin</code> directory to the <code>PATH</code> environment variable	Und fügen Sie den <code> ist </ code> Verzeichnis <code> PATH </ code> Umgebungsvariable
onboarding.analysis.sq_scanner.text.win	And add the <code>bin</code> directory to the <code>%PATH%</code> environment variable	Und fügen Sie den <code> ist </ code> Verzeichnis <code>% PATH% </ code> Umgebungsvariable
onboarding.analysis.sq_scanner.text.mac	And add the <code>bin</code> directory to the <code>PATH</code> environment variable	Und fügen Sie den <code> ist </ code> Verzeichnis <code> PATH </ code> Umgebungsvariable
onboarding.analysis.sq_scanner.text.ci	And add the <code>bin</code> directory to the <code>PATH</code> environment variable	Und fügen Sie den <code> ist </ code> Verzeichnis <code> PATH </ code> Umgebungsvariable
onboarding.analysis.sq_scanner.text.sonarcloud	Add the following lines to your {file} file:	Fügen Sie die folgenden Zeilen zu Ihrer {Datei} Datei:
onboarding.analysis.sq_scanner.execute	Execute the Scanner from your computer	Führen Sie den Scanner von Ihrem Computer
onboarding.analysis.sq_scanner.execute.text	Running a {instance} analysis is straighforward. You just need to execute the following commands in your project's folder.	Laufen ist eine {instance} Analyse straighforward. Sie müssen nur die folgenden Befehle in Ihrem Projektordner auszuführen.
onboarding.analysis.sq_scanner.execute.text.custom	Run the following commands in your project's folder.	Führen Sie die folgenden Befehle in Ihrem Projektordner.
onboarding.analysis.sq_scanner.docs	Please visit the {link} for more details.	Bitte besuchen Sie die {link} für weitere Details.
onboarding.analysis.sq_scanner.docs_use_case	Please visit the {link} for more details, and the {useCaseLink} to know more about this use case.	Bitte besuchen Sie die {link} für weitere Details und die {useCaseLink} Weitere Informationen zu diesem Anwendungsfall kennen.
onboarding.analysis.sq_scanner.docs_link	official documentation of the Scanner	offizielle Dokumentation des Scanners
onboarding.analysis.sqscanner.docs.gradle.title	official documentation of the Scanner for Gradle	offizielle Dokumentation des Scanners für Gradle
onboarding.analysis.sqscanner.docs.gradle.example_project.title	live Gradle-based example project	Live Gradle-basierten Beispielprojekt
		
onboarding.analysis.dotnetcore.global	Scanner .NET Core Global Tool	Scanner .NET Kern Globales Werkzeug
onboarding.analysis.dotnetcore.global.text	As a prerequisite you need to have the sonarscanner tool installed globally using the following command:	Als Voraussetzung müssen Sie das sonarscanner Werkzeug haben, weltweit installierten den folgenden Befehl eingeben:
onboarding.analysis.dotnetcore.global.text.path	Make sure dotnet tools folder is in your path. See dotnet global tools documentation for more information.	Stellen Sie sicher, dotnet Ordner Tools in Ihrem Pfad befindet. Siehe Dotnet globale Tools Dokumentation für weitere Informationen.
		
onboarding.tutorial.return_to_list	Choose another option	Wählen Sie eine andere Option
onboarding.tutorial.ci_outro.all_set.sentence	{all_set} and ready to improve the quality and security of your code!	{All_set} und bereit, die Qualität und Sicherheit des Codes zu verbessern!
onboarding.tutorial.ci_outro.all_set.sentence.all_set	You're all set	Sie sind alles Set
onboarding.tutorial.ci_outro.commit	Commit and push your code to start the analysis.	Commit und schieben Sie Ihren Code, um die Analyse zu starten.
onboarding.tutorial.ci_outro.commit.why	Each new push you make on your branches or pull requests will trigger a new analysis in SonarQube.	Jeder neue Push Sie auf Ihre Filialen oder Pull-Anforderungen machen eine neue Analyse in Sonarqube auslösen.
onboarding.tutorial.ci_outro.commit.why.no_branches	Each new push you make on your main branch will trigger a new analysis in SonarQube.	Jeder neue Push auf dem Hauptarm machen wird eine neue Analyse in Sonarqube auslösen.
onboarding.tutorial.ci_outro.refresh	This page will then refresh with your analysis results.	Diese Seite wird dann aktualisieren mit Analyseergebnissen.
onboarding.tutorial.ci_outro.refresh.why	If the page doesn't refresh after a while, please double-check the analysis configuration.	Wenn die Seite nicht nach einer gewissen Zeit nicht aktualisieren, Prüfe die Analyse-Konfiguration.
onboarding.tutorial.other.project_key.sentence	Create a {file} file in your repository and paste the following code:	Erstellen Sie eine {Datei} Datei in Ihrem Repository und fügen Sie den folgenden Code:
		
onboarding.tutorial.choose_method	How do you want to analyze your repository?	Wie wollen Sie Ihr Repository analysieren möchten?
onboarding.tutorial.choose_method.manual	Manually	Manuell
onboarding.tutorial.choose_method.jenkins	With Jenkins	mit Jenkins
onboarding.tutorial.choose_method.github_action	With GitHub Actions	Mit GitHub Aktionen
onboarding.tutorial.choose_method.gitlab_ci	With GitLab CI	Mit Gitlab CI
onboarding.tutorial.choose_method.azure_pipelines	With Azure Pipelines	Mit Azure Pipelines
		
onboarding.tutorial.with.github_action.create_secret.title	Create GitHub Secrets	Erstellen Sie GitHub Secrets
onboarding.tutorial.with.github_action.secret.intro	In your GitHub repository, go to {settings_secret} and create two new secrets:	In Ihrem GitHub-Repository finden Sie unter {} settings_secret und zwei neue Geheimnisse erstellen:
onboarding.tutorial.with.github_action.secret.intro.link	Settings > Secrets	Einstellungen> Secrets
onboarding.tutorial.with.github_action.secret.name.sentence	In the {name} field, enter	Im {name} Feld eingeben
onboarding.tutorial.with.github_action.secret.name.sentence.name	Name	Name
onboarding.tutorial.with.github_action.secret.new.sentence	Click on {new_secret}	Klicken Sie auf {new_secret}
onboarding.tutorial.with.github_action.secret.new.sentence.new_secret	New repository secret	New Repository Geheimnis
onboarding.tutorial.with.github_action.secret.add.sentence	Click on {add_secret}	Klicken Sie auf {add_secret}
onboarding.tutorial.with.github_action.secret.add.sentence.add_secret	Add secret	secret
onboarding.tutorial.with.github_action.yaml.title	Create Workflow YAML File	Erstellen Sie Workflow-YAML Datei
onboarding.tutorial.with.github_action.yaml.create_yml	Create or update your {file} YAML file with the following content:	Erstellen oder aktualisieren Sie Ihre {Datei} YAML-Datei mit folgendem Inhalt:
onboarding.tutorial.with.github_action.yaml.maven.pom	Update your {pom} file with the following properties:	Aktualisieren Sie Ihre {pom} Datei mit den folgenden Eigenschaften:
onboarding.tutorial.with.github_action.yaml.gradle	Update your {gradle} file with the {sq} plugin and it's configuration:	Aktualisieren Sie Ihre {gradle} Datei mit dem {sq} Plugin und Konfiguration:
		
		
onboarding.tutorial.with.gitlab_ci.title	Analyze your project with GitLab CI	Analysieren Sie Ihr Projekt mit Gitlab CI
onboarding.tutorial.with.gitlab_ci.unsupported	This tutorial is only available for projects bound to GitLab.	Dieses Tutorial ist nur für Projekte zur Verfügung gebunden Gitlab.
onboarding.tutorial.with.gitlab_ci.project_key.title	Set your project key	Stellen Sie Ihren Projektschlüssel
onboarding.tutorial.with.gitlab_ci.project_key.maven.step2	Add the following to your {file} file:	Fügen Sie die folgende zu Ihrer {Datei} Datei:
onboarding.tutorial.with.gitlab_ci.project_key.gradle.step2	Add the following to your {file} file:	Fügen Sie die folgende zu Ihrer {Datei} Datei:
onboarding.tutorial.with.gitlab_ci.project_key.other.step2	Create a {file} file in your repository and paste the following code:	Erstellen Sie eine {Datei} Datei in Ihrem Repository und fügen Sie den folgenden Code:
onboarding.tutorial.with.gitlab_ci.project_key.dotnet.step2	Create a {file} file in your repository and paste the following code:	Erstellen Sie eine {Datei} Datei in Ihrem Repository und fügen Sie den folgenden Code:
		
		
onboarding.tutorial.with.gitlab_ci.env_variables.title	Add environment variables	In Umgebungsvariablen
onboarding.tutorial.with.gitlab_ci.env_variables.description.link	Settings > CI/CD > Variables	Einstellungen> CI / CD> Variablen
onboarding.tutorial.with.gitlab_ci.env_variables.section.title	a. Define the SonarQube Token environment variable	ein. Definieren Sie die Sonarqube Token-Umgebungsvariable
onboarding.tutorial.with.gitlab_ci.env_variables.section.description	In GitLab, go to {link} to add the following variable and make sure it is available for your project:	In Gitlab, gehen Sie auf {link} die folgende Variable hinzu und stellen Sie sicher, ist es für Ihr Projekt zur Verfügung:
onboarding.tutorial.with.gitlab_ci.env_variables.edit.token.tooltip	Use an existing token or generate a new one.	Verwenden Sie ein vorhandenes Token oder einen neuen generieren.
onboarding.tutorial.with.gitlab_ci.env_variables.step1	Key	Schlüssel
		
onboarding.tutorial.with.gitlab_ci.env_variables.step3	Uncheck the "Protect Variable" checkbox	Deaktivieren Sie die "Protect Variable" Checkbox
onboarding.tutorial.with.gitlab_ci.env_variables.section.step4	Check the "Mask Variable" checkbox	Überprüfen Sie die „Maske Variable“ Checkbox
onboarding.tutorial.with.gitlab_ci.env_variables.section2.title	b. Define the SonarQube URL environment variable	b. Definieren Sie die URL Sonarqube Umgebungsvariable
onboarding.tutorial.with.gitlab_ci.env_variables.section2.description	Still in {link} add a new variable and make sure it is available for your project:	Noch in der {link} eine neue Variable hinzu und stellen Sie sicher, ist es für Ihr Projekt zur Verfügung:
onboarding.tutorial.with.gitlab_ci.env_variables.section2.step4	Leave the "Mask variable" checkbox unchecked	Lassen Sie die „Maske Variable“ Checkbox deaktiviert
onboarding.tutorial.with.gitlab_ci.yml.title	Create or update the configuration file	Erstellen oder die Konfigurationsdatei aktualisieren
onboarding.tutorial.with.gitlab_ci.yml.description	Create or update your {filename} file with the following content.	Erstellen oder aktualisieren Sie Ihre {Dateiname} Datei mit folgendem Inhalt.
onboarding.tutorial.with.gitlab_ci.yml.filename	.gitlab-ci.yml	.gitlab-ci.yml
onboarding.tutorial.with.gitlab_ci.yml.baseconfig	Note that this is a minimal base configuration to run a SonarQube analysis on your main branch and merge requests.	Beachten Sie, dass dies eine minimale Basiskonfiguration eine Sonarqube Analyse auf dem Hauptarm und Merge-Anforderungen auszuführen.
onboarding.tutorial.with.gitlab_ci.yml.baseconfig.no_branches	Note that this is a minimal base configuration to run a SonarQube analysis on your main branch.	Beachten Sie, dass dies eine minimale Basiskonfiguration eine Sonarqube Analyse auf dem Hauptarm laufen.
onboarding.tutorial.with.gitlab_ci.yml.existing	If you already have a pipeline configured and running, you might want to add the example from this step to your existing yml file.	Wenn Sie bereits eine Pipeline konfiguriert und ausgeführt wird, können Sie das Beispiel von diesem Schritt zu Ihrem bestehenden yml Datei hinzuzufügen.
onboarding.tutorial.with.gitlab_ci.yml.done	Is it done?	Ist es fertig?
onboarding.tutorial.with.gitlab_ci.yml.done.description	You should see the page refresh itself in a few moments with your analysis results if the {link}.	Sie sollten die Aktualisierung der Seite selbst in ein paar Momente mit Ihrer Analyse ergibt sich, wenn die {link} sehen.
onboarding.tutorial.with.gitlab_ci.yml.done.description.link	pipeline runs successfully	Pipeline verläuft erfolgreich
onboarding.tutorial.with.gitlab_ci.yml.done.then-what	And then what?	Und dann was?
onboarding.tutorial.with.gitlab_ci.yml.done.then-what.description	Each new push triggers an analysis by SonarQube.	Jede neue Push löst eine Analyse von Sonarqube.
onboarding.tutorial.with.gitlab_ci.yml.done.links.title	Check this useful link while you wait: {links}	Sehen Sie sich diese nützliche Verbindung, während Sie warten: {Links}
onboarding.tutorial.with.gitlab_ci.yml.done.links.QG	What is a Quality Gate?	Was ist ein Quality Gate?
		
onboarding.tutorial.with.jenkins.title	Analyze your project with Jenkins	Analysieren Sie Ihr Projekt mit Jenkins
onboarding.tutorial.with.jenkins.unsupported	This tutorial is only available for projects bound to Bitbucket Server or GitHub.	Dieses Tutorial ist nur für Projekte zur Verfügung gebunden Bitbucket Server oder GitHub.
onboarding.tutorial.with.jenkins.prereqs.title	Prerequisites	Voraussetzungen
onboarding.tutorial.with.jenkins.prereqs.intro.sentence	To run your project analyses with Jenkins, the following plugins {must_have}	Um Ihr Projekt Analysen mit Jenkins, die folgenden Plugins ausführen {must_have}
onboarding.tutorial.with.jenkins.prereqs.intro.sentence.must_have	must be installed and configured:	installiert und konfiguriert werden muss:
onboarding.tutorial.with.jenkins.prereqs.plugins.branch_source.bitbucket	Bitbucket Branch Source plugin for Jenkins - version 2.7 or later	Bitbucket Niederlassung Quelle Plugin für Jenkins - Version 2.7 oder höher
onboarding.tutorial.with.jenkins.prereqs.plugins.branch_source.github	GitHub Branch Source plugin for Jenkins - version 2.7.1 or later	GitHub Niederlassung Quelle Plugin für Jenkins - Version 2.7.1 oder höher
onboarding.tutorial.with.jenkins.prereqs.plugins.branch_source.gitlab	GitLab Branch Source plugin for Jenkins - version 1.5.3 or later	Gitlab Niederlassung Quelle Plugin für Jenkins - Version 1.5.3 oder höher
onboarding.tutorial.with.jenkins.prereqs.plugins.gitlab_plugin	GitLab plugin for Jenkins - version 1.5.13 or later	Gitlab Plugin für Jenkins - Version 1.5.13 oder höher
onboarding.tutorial.with.jenkins.prereqs.plugins.sonar_scanner	SonarQube Scanner plugin for Jenkins - version 2.11 or later	Sonarqube Scanner-Plugin für Jenkins - Version 2.11 oder höher
onboarding.tutorial.with.jenkins.prereqs.step_by_step_guide	For a step by step guide on installing and configuring those plugins in Jenkins, visit the {link} documentation page.	Für einen Schritt für Schritt Anleitung zur Installation und diese Plugins in Jenkins Konfiguration finden Sie auf die {link} Dokumentationsseite.
onboarding.tutorial.with.jenkins.prereqs.step_by_step_guide.link	Analysis Prerequisites	Analyse Voraussetzungen
onboarding.tutorial.with.jenkins.prereqs.following_are_recommendations	We recommend using the configuration in the following steps for the best results, but you can customize it as needed.	Wir empfehlen, die Konfiguration in den folgenden Schritten für die besten Ergebnisse, aber Sie können es bei Bedarf anpassen.
onboarding.tutorial.with.jenkins.prereqs.skip_next_time	Don't show me the prerequisites next time	Zeigte mir nicht, die Voraussetzungen beim nächsten Mal
onboarding.tutorial.with.jenkins.prereqs.done	Configure Analysis	konfigurieren von Analysis
onboarding.tutorial.with.jenkins.multi_branch_pipeline.title	Create a Multibranch Pipeline Job	Erstellen Sie eine Pipeline Job mehrfach verzweigten
onboarding.tutorial.with.jenkins.multi_branch_pipeline.intro	Create a Multibranch Pipeline in order to automatically analyze all your branches and pull requests.	Erstellen Sie eine Pipeline mehrfach verzweigten, um automatisch alle Ihre Filialen und Pull-Anforderungen zu analysieren.
onboarding.tutorial.with.jenkins.multi_branch_pipeline.step1.sentence	From Jenkins' dashboard, click {new_item} and create a {type}.	Von Jenkins' Armaturenbrett, klicken Sie auf {NEW_ITEM} und erstellen {type}.
onboarding.tutorial.with.jenkins.multi_branch_pipeline.step1.sentence.new_item	New Item	Neuer Gegenstand
onboarding.tutorial.with.jenkins.multi_branch_pipeline.step1.sentence.type	Multibranch Pipeline Job	Mehrfach verzweigten Pipeline-Job
		
onboarding.tutorial.with.jenkins.multi_branch_pipeline.step2.bitbucket.sentence	Under {tab}, add a {source} source and enter the following information:	Unter {tab}, fügen Sie eine {source} Quelle und geben Sie die folgenden Informationen:
onboarding.tutorial.with.jenkins.multi_branch_pipeline.step2.bitbucket.sentence.tab	Branch Sources	Zweig Quellen
onboarding.tutorial.with.jenkins.multi_branch_pipeline.step2.bitbucket.sentence.source	Bitbucket	Bit Bucket
onboarding.tutorial.with.jenkins.multi_branch_pipeline.step2.bitbucket.server.label	Server	Server
onboarding.tutorial.with.jenkins.multi_branch_pipeline.step2.bitbucket.server.action	select the instance hosting the repository you want to analyze.	wählen Sie die Instanz-Hosting das Repository Sie analysieren möchten.
onboarding.tutorial.with.jenkins.multi_branch_pipeline.step2.bitbucket.creds.label	Credentials	Referenzen
onboarding.tutorial.with.jenkins.multi_branch_pipeline.step2.bitbucket.creds.action	select the Bitbucket Server credentials.	die Bitbucket Server-Anmeldeinformationen auszuwählen.
onboarding.tutorial.with.jenkins.multi_branch_pipeline.step2.bitbucket.owner.label	Owner	Inhaber
onboarding.tutorial.with.jenkins.multi_branch_pipeline.step2.bitbucket.owner.action	enter your project key.	geben Sie Ihre Projektschlüssel.
onboarding.tutorial.with.jenkins.multi_branch_pipeline.step2.bitbucket.repo.label	Repository	Repository
onboarding.tutorial.with.jenkins.multi_branch_pipeline.step2.bitbucket.repo.action	select the repository you want to analyze.	Wählen Sie das Repository Sie analysieren möchten.
		
onboarding.tutorial.with.jenkins.multi_branch_pipeline.step2.github.sentence	Under {tab}, add a {source} source and enter the following information:	Unter {tab}, fügen Sie eine {source} Quelle und geben Sie die folgenden Informationen:
onboarding.tutorial.with.jenkins.multi_branch_pipeline.step2.github.sentence.tab	Branch Sources	Zweig Quellen
onboarding.tutorial.with.jenkins.multi_branch_pipeline.step2.github.sentence.source	GitHub	GitHub
onboarding.tutorial.with.jenkins.multi_branch_pipeline.step2.github.creds.label	Credentials	Referenzen
onboarding.tutorial.with.jenkins.multi_branch_pipeline.step2.github.creds.action	select or add your GitHub credentials.	wählen oder fügen Sie Ihre GitHub Berechtigungsnachweise.
onboarding.tutorial.with.jenkins.multi_branch_pipeline.step2.github.repo_url.label	Repository HTTPS URL	Repository HTTPS-URL
onboarding.tutorial.with.jenkins.multi_branch_pipeline.step2.github.repo_url.action	enter your repository URL.	geben Sie Ihre Repository-URL.
		
onboarding.tutorial.with.jenkins.multi_branch_pipeline.step2.gitlab.sentence	Under {tab}, add a {source} source and enter the following information:	Unter {tab}, fügen Sie eine {source} Quelle und geben Sie die folgenden Informationen:
onboarding.tutorial.with.jenkins.multi_branch_pipeline.step2.gitlab.sentence.tab	Branch Sources	Zweig Quellen
onboarding.tutorial.with.jenkins.multi_branch_pipeline.step2.gitlab.sentence.source	GitLab Project	Gitlab Projekt
onboarding.tutorial.with.jenkins.multi_branch_pipeline.step2.gitlab.creds.label	Checkout Credentials	Kasse Credentials
onboarding.tutorial.with.jenkins.multi_branch_pipeline.step2.gitlab.creds.action	select or add your GitLab credentials.	wählen oder fügen Sie Ihre Gitlab Berechtigungsnachweise.
onboarding.tutorial.with.jenkins.multi_branch_pipeline.step2.gitlab.owner.label	Owner	Inhaber
onboarding.tutorial.with.jenkins.multi_branch_pipeline.step2.gitlab.owner.action	enter the name of your user or your group.	Geben Sie den Namen Ihres Benutzers oder Ihrer Gruppe.
onboarding.tutorial.with.jenkins.multi_branch_pipeline.step2.gitlab.repo.label	Projects	Projekte
onboarding.tutorial.with.jenkins.multi_branch_pipeline.step2.gitlab.repo.action	select your project.	Wählen Sie Ihr Projekt.
		
onboarding.tutorial.with.jenkins.multi_branch_pipeline.step2.bitbucket.behaviour.label	Behavior	Verhalten
onboarding.tutorial.with.jenkins.multi_branch_pipeline.step2.bitbucket.behaviour.action	make sure "Exclude branches that are also filed as PRs" is selected.	stellen Sie sicher, „Ausschließen Zweige, die auch als PRs abgelegt werden“ ausgewählt.
		
onboarding.tutorial.with.jenkins.multi_branch_pipeline.step2.github.behaviour.label	Behavior	Verhalten
onboarding.tutorial.with.jenkins.multi_branch_pipeline.step2.github.behaviour.action	make sure "Exclude branches that are also filed as PRs" is selected.	stellen Sie sicher, „Ausschließen Zweige, die auch als PRs abgelegt werden“ ausgewählt.
		
onboarding.tutorial.with.jenkins.multi_branch_pipeline.step2.gitlab.behaviour.label	Behaviours	Behaviors
onboarding.tutorial.with.jenkins.multi_branch_pipeline.step2.gitlab.behaviour.action	make sure "Only branches that are not also filed as MRs" is selected.	stellen Sie sicher, „Nur Zweige, die nicht auch als MRs abgelegt werden“ ausgewählt.
		
onboarding.tutorial.with.jenkins.multi_branch_pipeline.step2.leave_defaults	You can leave the other settings at the defaults.	Sie können die anderen Einstellungen auf die Standardwerte verlassen.
		
onboarding.tutorial.with.jenkins.multi_branch_pipeline.step3.sentence	Jump to the {tab} section and make sure the parameters are set as follows:	Wechsel zu dem {tab} Abschnitt und stellen Sie sicher, dass die Parameter wie folgt festgelegt:
onboarding.tutorial.with.jenkins.multi_branch_pipeline.step3.sentence.tab	Build Configuration	Build-Konfiguration
onboarding.tutorial.with.jenkins.multi_branch_pipeline.step3.mode.label	Mode	Modus
onboarding.tutorial.with.jenkins.multi_branch_pipeline.step3.mode.action	by Jenkinsfile	von Jenkinsfile
onboarding.tutorial.with.jenkins.multi_branch_pipeline.step3.script_path.label	Script Path	Script-Pfad
onboarding.tutorial.with.jenkins.multi_branch_pipeline.step3.script_path.action	Jenkinsfile	Jenkinsfile
		
onboarding.tutorial.with.jenkins.multi_branch_pipeline.step4.sentence	Click {save}.	Klicken Sie auf {} Speichern.
onboarding.tutorial.with.jenkins.multi_branch_pipeline.step4.sentence.save	Save	speichern
		
onboarding.tutorial.with.jenkins.pipeline.title	Create a Pipeline Job	Erstellen Sie eine Pipeline-Job
onboarding.tutorial.with.jenkins.pipeline.intro	Create a Pipeline in order to automatically analyze your project.	Erstellen Sie eine Pipeline, um Ihr Projekt automatisch zu analysieren.
onboarding.tutorial.with.jenkins.pipeline.step1.sentence	From Jenkins' dashboard, click {new_item} and create a {type}.	Von Jenkins' Armaturenbrett, klicken Sie auf {NEW_ITEM} und erstellen {type}.
onboarding.tutorial.with.jenkins.pipeline.step1.sentence.new_item	New Item	Neuer Gegenstand
onboarding.tutorial.with.jenkins.pipeline.step1.sentence.type	Pipeline Job	Pipeline-Job
		
onboarding.tutorial.with.jenkins.pipeline.step2.sentence	Under {tab}, choose {option}. You must set a unique, secret token for this field.	Unter {tab}, wählen Sie {Option}. Sie müssen ein eindeutiges, Geheimnis für dieses Feld Token gesetzt.
onboarding.tutorial.with.jenkins.pipeline.step2.sentence.tab	Build Triggers	Build-Trigger
onboarding.tutorial.with.jenkins.pipeline.step2.sentence.option	Trigger builds remotely	Trigger baut fern
		
onboarding.tutorial.with.jenkins.pipeline.gitlab.step2.trigger.sentence	Under {tab}, choose {option}. Write down the webhook URL provided. You will need it when configuring the webhook in GitLab.	Unter {tab}, wählen Sie {Option}. Notieren Sie die Webhook URL zur Verfügung gestellt. Sie werden es brauchen, wenn die Webhook in Gitlab konfigurieren.
onboarding.tutorial.with.jenkins.pipeline.gitlab.step2.trigger.sentence.tab	Build Triggers	Build-Trigger
onboarding.tutorial.with.jenkins.pipeline.gitlab.step2.trigger.sentence.option	Build when a change is pushed to GitLab	Bauen Sie, wenn eine Änderung zu Gitlab gedrückt wird
onboarding.tutorial.with.jenkins.pipeline.gitlab.step2.pick_triggers.sentence	Under {triggers}, only select {push_events}.	Unter {Trigger}, wählen Sie nur {push_events}.
onboarding.tutorial.with.jenkins.pipeline.gitlab.step2.pick_triggers.sentence.triggers	Enabled GitLab triggers	Aktiviert Gitlab Trigger
onboarding.tutorial.with.jenkins.pipeline.gitlab.step2.pick_triggers.sentence.push_events	Push events	Push-Veranstaltungen
onboarding.tutorial.with.jenkins.pipeline.gitlab.step2.click_advanced.sentence	Click on {advanced}	Klicken Sie auf {Erweitert}
onboarding.tutorial.with.jenkins.pipeline.gitlab.step2.click_advanced.sentence.advanced	Advanced...	Erweitert ...
onboarding.tutorial.with.jenkins.pipeline.gitlab.step2.secret_token.sentence	Find the {secret_token} text field, and click on {generate}. Write down the secret token. You will need it when configuring the webhook in GitLab.	Finden Sie die {secret_token} Textfeld und klicken Sie auf {} erzeugen. Schreiben Sie die geheimen Token nach unten. Sie werden es brauchen, wenn die Webhook in Gitlab konfigurieren.
onboarding.tutorial.with.jenkins.pipeline.gitlab.step2.secret_token.sentence.secret_token	Secret token	geheime Zeichen
onboarding.tutorial.with.jenkins.pipeline.gitlab.step2.secret_token.sentence.generate	Generate	Generieren
		
onboarding.tutorial.with.jenkins.pipeline.step3.sentence	Under {tab}, make sure the parameters are set as follows:	Unter {tab}, stellen Sie sicher, werden die Parameter wie folgt festgelegt:
onboarding.tutorial.with.jenkins.pipeline.step3.sentence.tab	Pipeline	Pipeline
onboarding.tutorial.with.jenkins.pipeline.step3.definition.label	Definition	Definition
onboarding.tutorial.with.jenkins.pipeline.step3.definition.action	Pipeline script from SCM	Pipeline-Skript von SCM
onboarding.tutorial.with.jenkins.pipeline.step3.scm.sentence	{label} Configure your SCM. Make sure to only build your main branch. For example, if your main branch is called "main", put "*/main" under {branches_to_build}.	{Label} Konfigurieren Sie Ihren SCM. Achten Sie darauf, nur den Hauptzweig aufzubauen. Zum Beispiel wird, wenn Ihr Hauptzweig "main" genannt, setzen "* / main" unter {branches_to_build}.
onboarding.tutorial.with.jenkins.pipeline.step3.scm.sentence.label	SCM:	SCM:
onboarding.tutorial.with.jenkins.pipeline.step3.scm.sentence.branches_to_build	Branches to build	Branchen zu bauen
onboarding.tutorial.with.jenkins.pipeline.step3.script_path.label	Script Path	Script-Pfad
onboarding.tutorial.with.jenkins.pipeline.step3.script_path.action	Jenkinsfile	Jenkinsfile
		
onboarding.tutorial.with.jenkins.pipeline.step4.sentence	Click {save}.	Klicken Sie auf {} Speichern.
onboarding.tutorial.with.jenkins.pipeline.step4.sentence.save	Save	speichern
		
		
onboarding.tutorial.with.jenkins.webhook.bitbucket.title	Create a Bitbucket Server Webhook	Erstellen Sie einen Bitbucket Server Webhook
onboarding.tutorial.with.jenkins.webhook.github.title	Create a GitHub Webhook	Erstellen Sie ein GitHub Webhook
onboarding.tutorial.with.jenkins.webhook.gitlab.title	Create a GitLab Webhook	Erstellen Sie eine Gitlab Webhook
onboarding.tutorial.with.jenkins.webhook.intro.sentence	Create a Webhook in your repository to trigger the Jenkins job on push. Already have a Webhook configured? {link}	Erstellen Sie ein Webhook in Ihrem Repository die Jenkins Job auf Push auslösen. Sie haben bereits ein Webhook konfiguriert? {Verknüpfung}
onboarding.tutorial.with.jenkins.webhook.intro.link	Skip this step.	Überspringe diesen Schritt.
onboarding.tutorial.with.jenkins.webhook.step1.sentence	Go to the {link} and enter the following information:	Gehen Sie auf die {link} und geben Sie die folgenden Informationen:
onboarding.tutorial.with.jenkins.webhook.bitbucket.step1.link	Bitbucket Server Webhook creation page for your repository	Bitbucket Server Webhook Erstellungsseite für Ihren Repository
onboarding.tutorial.with.jenkins.webhook.github.step1.link	GitHub Webhook creation page for your repository	GitHub Webhook Erstellungsseite für Ihren Repository
onboarding.tutorial.with.jenkins.webhook.gitlab.step1.link	GitLab Webhook creation page for your repository	Gitlab Webhook Erstellungsseite für Ihren Repository
onboarding.tutorial.with.jenkins.webhook.step1.name.label	Name	Name
onboarding.tutorial.with.jenkins.webhook.step1.name.action	give a unique name.	geben Sie einen eindeutigen Namen.
onboarding.tutorial.with.jenkins.webhook.bitbucket.step1.url.label	URL	URL
onboarding.tutorial.with.jenkins.webhook.bitbucket.step1.url.action	Enter the following URL, replacing the values between *** as needed:	Geben Sie die folgende URL ein, ersetzt die Werte zwischen *** je nach Bedarf:
onboarding.tutorial.with.jenkins.webhook.bitbucket.step1.url.warning	The Bitbucket Server URL must be identical to the one in your Jenkins configuration. Watch out for any missing or extra "/" at the end.	Die Bitbucket Server-URL muss mit dem in Ihrer Jenkins Konfiguration identisch sein. Achten Sie auf fehlende oder zusätzliche „/“ am Ende.
onboarding.tutorial.with.jenkins.webhook.github.step1.url.label	URL	URL
onboarding.tutorial.with.jenkins.webhook.github.step1.url.action	Enter the following URL, replacing the values between *** as needed:	Geben Sie die folgende URL ein, ersetzt die Werte zwischen *** je nach Bedarf:
onboarding.tutorial.with.jenkins.webhook.gitlab.step1.url_with_branches.label	URL	URL
onboarding.tutorial.with.jenkins.webhook.gitlab.step1.url_with_branches.action	Enter the following URL, replacing the values between *** as needed:	Geben Sie die folgende URL ein, ersetzt die Werte zwischen *** je nach Bedarf:
onboarding.tutorial.with.jenkins.webhook.gitlab.step1.url_no_branches.label	URL	URL
onboarding.tutorial.with.jenkins.webhook.gitlab.step1.url_no_branches.action	Enter the URL you wrote down in the previous step.	Geben Sie die URL, die Sie im vorherigen Schritt notiert haben.
onboarding.tutorial.with.jenkins.webhook.gitlab.step1.secret_token.label	Secret Token	geheime Token
onboarding.tutorial.with.jenkins.webhook.gitlab.step1.secret_token.action	Enter the generated token you wrote down in the previous step.	Geben Sie die generierte Token Sie im vorherigen Schritt notiert haben.
onboarding.tutorial.with.jenkins.webhook.bitbucket.step2.sentence	Under {events}, make sure the following options are checked:	Unter {Veranstaltungen}, stellen Sie sicher, werden die folgenden Optionen geprüft:
onboarding.tutorial.with.jenkins.webhook.bitbucket.step2.sentence.events	Events	Veranstaltungen
onboarding.tutorial.with.jenkins.webhook.github.step2.sentence	Under {events} select {option} and check the following:	Unter {Veranstaltungen} wählen {Option} und überprüfen Sie folgende Punkte:
onboarding.tutorial.with.jenkins.webhook.github.step2.sentence.events	Which events would you like to trigger this webhook?	Welche Ereignisse möchten Sie diesen Webhook auslösen?
onboarding.tutorial.with.jenkins.webhook.github.step2.sentence.option	Let me select individual events	Lassen Sie mich einzelne Ereignisse wählen
onboarding.tutorial.with.jenkins.webhook.gitlab.step2.sentence	Under {trigger} check the following:	Unter {Trigger} überprüfen Sie folgende Punkte:
onboarding.tutorial.with.jenkins.webhook.gitlab.step2.sentence.trigger	Trigger	Auslösen
onboarding.tutorial.with.jenkins.webhook.bitbucket.step2.repo.label	Repository	Repository
onboarding.tutorial.with.jenkins.webhook.bitbucket.step2.repo.action	Push	drücken
onboarding.tutorial.with.jenkins.webhook.bitbucket.step2.pr.label	Pull Request	Pull-Request
onboarding.tutorial.with.jenkins.webhook.bitbucket.step2.pr.action	Opened	geöffnet
onboarding.tutorial.with.jenkins.webhook.github.step2.repo	Pushes	schiebt
onboarding.tutorial.with.jenkins.webhook.github.step2.pr	Pull Requests	Pull Requests
onboarding.tutorial.with.jenkins.webhook.gitlab.step2.repo	Push events	Push-Veranstaltungen
onboarding.tutorial.with.jenkins.webhook.gitlab.step2.mr	Merge request events	Merge Anfrage Veranstaltungen
onboarding.tutorial.with.jenkins.webhook.step3.sentence	Click {create}.	Klicken Sie auf {} erstellen.
onboarding.tutorial.with.jenkins.webhook.step3.sentence.create	Create	Erstellen
onboarding.tutorial.with.jenkins.webhook.gitlab.step3.sentence	Click {add_webhook}.	Klicken Sie auf {add_webhook}.
onboarding.tutorial.with.jenkins.webhook.gitlab.step3.sentence.add_webhook	Add webhook	In Webhook
onboarding.tutorial.with.jenkins.jenkinsfile.title	Create a Jenkinsfile	Erstellen Sie eine Jenkinsfile
onboarding.tutorial.with.jenkins.jenkinsfile.jenkinsfile_step.sentence	Create a {file} file in your repository and paste the following code:	Erstellen Sie eine {Datei} Datei in Ihrem Repository und fügen Sie den folgenden Code:
onboarding.tutorial.with.jenkins.jenkinsfile.maven.step2.sentence	Add the following to your {file} file:	Fügen Sie die folgende zu Ihrer {Datei} Datei:
onboarding.tutorial.with.jenkins.jenkinsfile.maven.step3.replace.sentence	Make sure to replace {default} with the name you gave to your Maven tool {in_jenkins}.	Achten Sie darauf, ersetzen {default} mit dem Namen, den Sie Ihrem Maven-Tool gab {in_jenkins}.
onboarding.tutorial.with.jenkins.jenkinsfile.maven.step3.replace.sentence.default	Default Maven	Standard Maven
onboarding.tutorial.with.jenkins.jenkinsfile.maven.step3.replace.sentence.in_jenkins	in Jenkins	in Jenkins
onboarding.tutorial.with.jenkins.jenkinsfile.maven.step3.help1.sentence	To get the name of your Maven tool in Jenkins, navigate to {path}.	Um den Namen des Maven-Tool in Jenkins, Navigieren Sie zu {Pfad} zu erhalten.
onboarding.tutorial.with.jenkins.jenkinsfile.maven.step3.help1.sentence.path	Manage Jenkins > Global Tool Configuration	Verwalten Jenkins> Globale Werkzeugkonfiguration
onboarding.tutorial.with.jenkins.jenkinsfile.maven.step3.help2.sentence	The name is located under the {path} section, in the {name} field.	Der Name wird unter dem Pfad {} Abschnitt befindet, in dem {name} Feld.
onboarding.tutorial.with.jenkins.jenkinsfile.maven.step3.help2.sentence.path	Maven > Maven installations	Maven> Maven Installationen
onboarding.tutorial.with.jenkins.jenkinsfile.maven.step3.help2.sentence.name	Name	Name
onboarding.tutorial.with.jenkins.jenkinsfile.gradle.step2.sentence	Add the following to your {file} file:	Fügen Sie die folgende zu Ihrer {Datei} Datei:
onboarding.tutorial.with.jenkins.jenkinsfile.dotnet.build_agent	Choose your build agent.	Wählen Sie Ihren Build-Agent.
		
onboarding.tutorial.with.jenkins.dotnet.msbuild.prereqs.title.sentence	Prerequisite: Add a {default_msbuild} tool	Voraussetzung: Fügen Sie ein {default_msbuild} Werkzeug
onboarding.tutorial.with.jenkins.dotnet.msbuild.prereqs.title.sentence.default_msbuild	MSBuild	MSBuild
onboarding.tutorial.with.jenkins.dotnet.msbuild.prereqs.info	This step need to be done only once per jenkins instance.	Dieser Schritt muß nur einmal pro jenkins Instanz erfolgen.
onboarding.tutorial.with.jenkins.dotnet.msbuild.prereqs.step1.sentence	In Jenkins, make sure to have the {msbuild} installed.	In Jenkins, stellen Sie sicher, dass die {msbuild} installiert sein.
onboarding.tutorial.with.jenkins.dotnet.msbuild.prereqs.step1.sentence.msbuild	MSBuild Plugin	MSBuild Plugin
onboarding.tutorial.with.jenkins.dotnet.msbuild.prereqs.step2.sentence	Navigate to {path}.	Navigieren Sie zu {path}.
onboarding.tutorial.with.jenkins.dotnet.msbuild.prereqs.step2.sentence.path	Manage Jenkins > Global Tool Configuration	Verwalten Jenkins> Globale Werkzeugkonfiguration
onboarding.tutorial.with.jenkins.dotnet.msbuild.prereqs.step3.sentence	Under {msbuild} click on {add_msbuild} and give a {name} that will be used in the last step. Refer to the {msbuild_plugin} documentation on how to install the tool:	Unter {msbuild} klicken Sie auf {add_msbuild} und geben einen {name}, die im letzten Schritt verwendet wird. Wenden Sie sich an den {msbuild_plugin} Dokumentation, wie das Tool zu installieren:
onboarding.tutorial.with.jenkins.dotnet.msbuild.prereqs.step3.sentence.msbuild	MSBuild	MSBuild
onboarding.tutorial.with.jenkins.dotnet.msbuild.prereqs.step3.sentence.msbuild_plugin	MSBuild Plugin	MSBuild Plugin
onboarding.tutorial.with.jenkins.dotnet.msbuild.prereqs.step3.sentence.add_msbuild	Add MSBuild	In MSBuild
onboarding.tutorial.with.jenkins.dotnet.msbuild.prereqs.step3.sentence.name	Name	Name
		
		
onboarding.tutorial.with.jenkins.dotnet.scanner.prereqs.title.sentence	Prerequisite: Add a {default_scanner} tool	Voraussetzung: Fügen Sie ein {default_scanner} Werkzeug
onboarding.tutorial.with.jenkins.dotnet.scanner.prereqs.title.sentence.default_scanner	SonarScanner for MSBuild	SonarScanner für MSBuild
onboarding.tutorial.with.jenkins.dotnet.scanner.prereqs.info	This step needs to be done only once per jenkins instance or if you need different scanner versions.	Dieser Schritt muss nur einmal pro jenkins Instanz oder wenn Sie unterschiedliche Scanner-Versionen erfolgen.
onboarding.tutorial.with.jenkins.dotnet.scanner.prereqs.step1.sentence	In Jenkins, navigate to {path}.	In Jenkins, Navigieren Sie zu {path}.
onboarding.tutorial.with.jenkins.dotnet.scanner.prereqs.step1.sentence.path	Manage Jenkins > Global Tool Configuration	Verwalten Jenkins> Globale Werkzeugkonfiguration
onboarding.tutorial.with.jenkins.dotnet.scanner.prereqs.step2.sentence	Under {default_scanner} click on {add_scanner_for_msbuild}	Unter {default_scanner}, klicken Sie auf {add_scanner_for_msbuild}
onboarding.tutorial.with.jenkins.dotnet.scanner.prereqs.step2.sentence.default_scanner	SonarScanner for MSBuild	SonarScanner für MSBuild
onboarding.tutorial.with.jenkins.dotnet.scanner.prereqs.step2.sentence.add_scanner_for_msbuild	Add SonarScanner for MSBuild	In SonarScanner für MSBuild
onboarding.tutorial.with.jenkins.dotnet.scanner.prereqs.step3.sentence	Choose a {name} that will be used in the last step:	Wählen Sie einen {name}, die im letzten Schritt verwendet wird:
onboarding.tutorial.with.jenkins.dotnet.scanner.prereqs.step3.sentence.name	Name	Name
onboarding.tutorial.with.jenkins.dotnet.scanner.prereqs.step4.sentence	Check {install_auto}	Check {install_auto}
onboarding.tutorial.with.jenkins.dotnet.scanner.prereqs.step4.sentence.install_auto	Install automatically	automatisch installieren
onboarding.tutorial.with.jenkins.dotnet.scanner.prereqs.step5.sentence	Under {install_from} select the corresponding .NET Core scanner required for you project.	Unter {install_from} wählen Sie den entsprechenden .NET-Core-Scanner für Sie erforderlich projizieren.
onboarding.tutorial.with.jenkins.dotnet.scanner.prereqs.step5.sentence.install_from	Install from GitHub	Installieren von GitHub
onboarding.tutorial.with.jenkins.dotnet.scanner.prereqs.step5.sentence.install_auto	Install automatically	automatisch installieren
		
onboarding.tutorial.with.jenkins.jenkinsfile.other.step3.replace.sentence	Make sure to replace {default} with the name you gave to your SonarQube Scanner tool {in_jenkins}.	Stellen Sie sicher, {default} zu ersetzen, mit dem Namen, den Sie gab zu Ihrem Sonarqube Scanner-Tool {in_jenkins}.
onboarding.tutorial.with.jenkins.jenkinsfile.other.step3.replace.sentence.default	SonarScanner	SonarScanner
onboarding.tutorial.with.jenkins.jenkinsfile.other.step3.replace.sentence.in_jenkins	in Jenkins	in Jenkins
onboarding.tutorial.with.jenkins.jenkinsfile.other.step3.help1.sentence	To get the name of your SonarQube Scanner tool in Jenkins, navigate to {path}.	Um den Namen Ihres Sonarqube Scanner Tool in Jenkins, Navigieren Sie zu {Pfad} zu erhalten.
onboarding.tutorial.with.jenkins.jenkinsfile.other.step3.help1.sentence.path	Manage Jenkins > Global Tool Configuration	Verwalten Jenkins> Globale Werkzeugkonfiguration
onboarding.tutorial.with.jenkins.jenkinsfile.other.step3.help2.sentence	The name is located under the {path} section, in the {name} field.	Der Name wird unter dem Pfad {} Abschnitt befindet, in dem {name} Feld.
onboarding.tutorial.with.jenkins.jenkinsfile.other.step3.help2.sentence.path	SonarQube Scanner > SonarQube Scanner installations	Sonarqube Scanner> Sonarqube Scanner-Installationen
onboarding.tutorial.with.jenkins.jenkinsfile.other.step3.help2.sentence.name	Name	Name
		
		
onboarding.tutorial.with.azure_pipelines.os	What is your agent host?	Was ist Ihr Agent Host?
onboarding.tutorial.with.azure_pipelines.title	Analyze your project with Azure DevOps Pipelines	Analysieren Sie Ihr Projekt mit Azure DevOps Pipelines
onboarding.tutorial.with.azure_pipelines.unsupported	This tutorial is only available for projects bound to Azure DevOps.	Dieses Tutorial ist nur für Projekte zur Verfügung gebunden Azure DevOps.
onboarding.tutorial.with.azure_pipelines.ExtensionInstallation.title	Install SonarQube extension for Azure DevOps	Installieren Sonarqube Erweiterung für Azure DevOps
onboarding.tutorial.with.azure_pipelines.ExtensionInstallation.sentence	From your Azure DevOps instance, navigate to the Visual Studio Marketplace and install the {link} by clicking the {button} button.	Von Ihrem Azure DevOps Beispiel, gehen Sie zum Visual Studio Marktplatz und installieren Sie die {link} durch Klicken auf die Schaltfläche {} drücken.
onboarding.tutorial.with.azure_pipelines.ExtensionInstallation.sentence.link	SonarQube extension	Sonarqube Erweiterung
onboarding.tutorial.with.azure_pipelines.ExtensionInstallation.sentence.button	Get it free	Kostenlos bekommen
onboarding.tutorial.with.azure_pipelines.ServiceEndpoint.title	Add a new SonarQube Service Endpoint in your project	Fügen Sie einen neuen Sonarqube Service-Endpoint in Ihrem Projekt
onboarding.tutorial.with.azure_pipelines.ServiceEndpoint.step1.sentence	In Azure DevOps, go to {menu}	In Azure DevOps, gehen Sie auf {menu}
onboarding.tutorial.with.azure_pipelines.ServiceEndpoint.step1.sentence.menu	Project settings > Service connections	Projekteinstellungen> Service-Verbindungen
onboarding.tutorial.with.azure_pipelines.ServiceEndpoint.step2.sentence	Add a new service connection of type {type}	Fügen Sie eine neue Service-Verbindung vom Typ {type}
onboarding.tutorial.with.azure_pipelines.ServiceEndpoint.step2.sentence.type	SonarQube	Sonarqube
onboarding.tutorial.with.azure_pipelines.ServiceEndpoint.step3.sentence	Enter a memorable connection name	Geben Sie einen unvergesslichen Verbindungsnamen
onboarding.tutorial.with.azure_pipelines.ServiceEndpoint.step4.sentence	Enter your SonarQube server url: {url} {button}	Geben Sie Ihre Sonarqube Server-URL: {url} {Taste}
onboarding.tutorial.with.azure_pipelines.ServiceEndpoint.step5.sentence	Enter an existing token, or a newly generated one	Geben Sie einen vorhandenen Token oder eine neu generierte ein
onboarding.tutorial.with.azure_pipelines.ServiceEndpoint.step6.sentence	Create the service connection	Erstellen Sie die Service-Verbindung
onboarding.tutorial.with.azure_pipelines.BranchAnalysis.title	Configure analysis	konfigurieren Analyse
onboarding.tutorial.with.azure_pipelines.BranchAnalysis.info	The following steps assume you are using the Azure Pipelines classic editor. Check out our {doc_link} for the YAML counterpart.	Die folgenden Schritte setzen voraus Sie die Azure Pipelines klassischen Editor verwenden. Sehen Sie sich unsere {doc_link} für das YAML-Pendant.
onboarding.tutorial.with.azure_pipelines.BranchAnalysis.info.doc_link	Azure DevOps integration page	Azure DevOps Integration Seite
		
onboarding.tutorial.with.azure_pipelines.BranchAnalysis.build_wrapper.ccpp.sentence	In Azure DevOps, create or edit a build {pipeline} to make Build Wrapper available on the build agent.	In Azure DevOps, erstellen oder bearbeiten einen Build {Pipeline} zu bauen Wrapper auf dem Build-Agenten zu machen.
onboarding.tutorial.with.azure_pipelines.BranchAnalysis.build_wrapper.ccpp.script.sentence	Add a {task} task, select {inline} mode and add the following script to download and decompress the Build Wrapper on the build agent.	Fügen Sie eine {Aufgabe} Aufgabe, wählen Sie {inline} Modus und fügen Sie das folgende Skript zum Download und entpacken Sie die Build-Wrapper auf dem Build-Agent.
onboarding.tutorial.with.azure_pipelines.BranchAnalysis.build_wrapper.ccpp.win.sentence.task	PowerShell script	Powershell-Skript
onboarding.tutorial.with.azure_pipelines.BranchAnalysis.build_wrapper.ccpp.nix.sentence.task	Bash script	bash-Skript
onboarding.tutorial.with.azure_pipelines.BranchAnalysis.build_wrapper.ccpp.win.sentence.inline	inline	im Einklang
onboarding.tutorial.with.azure_pipelines.BranchAnalysis.build_wrapper.ccpp.nix.sentence.inline	inline	im Einklang
onboarding.tutorial.with.azure_pipelines.BranchAnalysis.prepare.ccpp.sentence	Add a new {task} task {before} your build task	Fügen Sie eine neue {Aufgabe} Aufgabe {vor} Ihrer Build-Task
onboarding.tutorial.with.azure_pipelines.BranchAnalysis.prepare_additional.ccpp	In {additional} in the {advanced} section, add a new property to set the output directory to which the Build Wrapper should write its results: {property} {button}	In {zusätzlichen} im {} erweiterte Abschnitt, fügen Sie eine neue Eigenschaft das Ausgabeverzeichnis zu setzen, auf die die Build-Wrapper sollte ihre Ergebnisse schreiben: {Eigenschaft} {Taste}
onboarding.tutorial.with.azure_pipelines.BranchAnalysis.prepare_additional.ccpp.additional	Additional Properties	Weitere Eigenschaften
onboarding.tutorial.with.azure_pipelines.BranchAnalysis.prepare_additional.ccpp.advanced	Advanced	fortgeschritten
onboarding.tutorial.with.azure_pipelines.BranchAnalysis.build.ccpp.sentence	Add or modify your build {task} task. For the analysis to happen, your build has to be run through a command line so that it can be wrapped-up by the build-wrapper.	Hinzufügen oder Ändern von Build {Aufgabe} Aufgabe. Für die Analyse passieren hat Build durch eine Befehlszeile ausgeführt werden, so dass sie von der Build-Umhüllung eingehüllt-up werden können.
onboarding.tutorial.with.azure_pipelines.BranchAnalysis.build.ccpp.sentence.task	Command Line	Befehlszeile
onboarding.tutorial.with.azure_pipelines.BranchAnalysis.build_script.ccpp.sentence	Run {build_wrapper} executable. Pass in as the arguments (1) the output directory configured in the previous task and (2) the command that runs a clean build of your project (not an incremental build). Example:	Run {build_wrapper} ausführbar. Der Pass in die Argumente wie (1) das Ausgabeverzeichnis in der vorherigen Aufgabe konfiguriert und (2) den Befehl, der eine Neu-Erstellung des Projekts läuft (nicht ein inkrementeller build). Beispiel:
onboarding.tutorial.with.azure_pipelines.BranchAnalysis.build_script.ccpp.sentence.build_wrapper	Build Wrapper	Build Wrapper
onboarding.tutorial.with.azure_pipelines.BranchAnalysis.run.ccpp.sentence	Add a new {task} task {after} your build task. Consider running this task right after the previous one as the build environment should not be significantly altered before running the analysis.	Fügen Sie eine neue {Aufgabe} Aufgabe {nach} Ihrer Build-Task. Betrachten Sie diese Aufgabe ausgeführt wird direkt nach dem vorherigen als Build-Umgebung sollte nicht wesentlich verändert werden, bevor die Analyse ausgeführt wird.
onboarding.tutorial.with.azure_pipelines.BranchAnalysis.prepare.sentence	In Azure DevOps, create or edit a build {pipeline} and add a new {task} task {before} your build task	In Azure DevOps, erstellen oder bearbeiten einen Build {Pipeline} und fügen Sie eine neue {Aufgabe} Aufgabe {vor} Ihre Build-Task
onboarding.tutorial.with.azure_pipelines.BranchAnalysis.prepare.sentence.pipeline	Pipeline	Pipeline
onboarding.tutorial.with.azure_pipelines.BranchAnalysis.prepare.sentence.task	Prepare Analysis Configuration	Bereiten Analysekonfiguration
onboarding.tutorial.with.azure_pipelines.BranchAnalysis.prepare.sentence.before	before	Vor
onboarding.tutorial.with.azure_pipelines.BranchAnalysis.prepare.endpoint.sentence	Select the {endpoint} you created in Step 2	Wählen Sie den Endpunkt {} Sie in Schritt 2
onboarding.tutorial.with.azure_pipelines.BranchAnalysis.prepare.endpoint.sentence.endpoint	SonarQube server endpoint	Sonarqube Server-Endpunkt
onboarding.tutorial.with.azure_pipelines.BranchAnalysis.prepare.run_analysis	Under {section}, select {run_analysis_value}	Unter {section}, wählen Sie {run_analysis_value}
onboarding.tutorial.with.azure_pipelines.BranchAnalysis.prepare.run_analysis.section	Choose the way to run the analysis	Wählen Sie den Weg, um die Analyse zu starten
onboarding.tutorial.with.azure_pipelines.BranchAnalysis.prepare.run_analysis.values.dotnet	Integrate with MSBuild	Integration mit MSBuild
onboarding.tutorial.with.azure_pipelines.BranchAnalysis.prepare.run_analysis.values.maven	Integrate with Maven or Gradle	Integration mit Maven oder Gradle
onboarding.tutorial.with.azure_pipelines.BranchAnalysis.prepare.run_analysis.values.gradle	Integrate with Maven or Gradle	Integration mit Maven oder Gradle
onboarding.tutorial.with.azure_pipelines.BranchAnalysis.prepare.run_analysis.values.cfamily	Use standalone scanner	Verwenden Standalone-Scanner
onboarding.tutorial.with.azure_pipelines.BranchAnalysis.prepare.run_analysis.values.other	Use standalone scanner	Verwenden Standalone-Scanner
onboarding.tutorial.with.azure_pipelines.BranchAnalysis.manual.sentence	Select the {mode} mode	Wählen Sie den {Modus} Modus
onboarding.tutorial.with.azure_pipelines.BranchAnalysis.manual.sentence.mode	Manually provide configuration	Manuelle Konfiguration zur Verfügung stellen
onboarding.tutorial.with.azure_pipelines.BranchAnalysis.run.sentence	Add a new {task} task {after} your build task	Fügen Sie eine neue {Aufgabe} Aufgabe {nach} Ihrer Build-Task
onboarding.tutorial.with.azure_pipelines.BranchAnalysis.run.sentence.task	Run Code Analysis	Run-Code-Analyse
onboarding.tutorial.with.azure_pipelines.BranchAnalysis.run.sentence.after	after	nach dem
onboarding.tutorial.with.azure_pipelines.BranchAnalysis.run.key.sentence	In the {project_key} field, enter {key} {button}	Im {project_key} Feld, geben Sie {key} {Taste}
onboarding.tutorial.with.azure_pipelines.BranchAnalysis.run.key.sentence.project_key	Project Key	Projekt Key
onboarding.tutorial.with.azure_pipelines.BranchAnalysis.advanced_properties.sentence	Expand the {section} and replace the {properties} with the following snippet	{Section} Erweitern Sie den und ersetzen Sie die {Eigenschaften} mit folgenden Ausschnitt
onboarding.tutorial.with.azure_pipelines.BranchAnalysis.advanced_properties.sentence.section	Advanced section	Abschnitt Erweitert
onboarding.tutorial.with.azure_pipelines.BranchAnalysis.advanced_properties.sentence.properties	Additional Properties	Weitere Eigenschaften
onboarding.tutorial.with.azure_pipelines.BranchAnalysis.java	Edit or add a new {0} task	Bearbeiten oder fügen Sie eine neue {0} Aufgabe
onboarding.tutorial.with.azure_pipelines.BranchAnalysis.java.settings.sentence	Under {section}, check {option}	Unter {section}, {Check Option}
onboarding.tutorial.with.azure_pipelines.BranchAnalysis.java.settings.sentence.section	Code Analysis	Codeanalyse
onboarding.tutorial.with.azure_pipelines.BranchAnalysis.java.settings.sentence.option	Run SonarQube or SonarCloud Analysis	Run Sonarqube oder SonarCloud Analyse
onboarding.tutorial.with.azure_pipelines.BranchAnalysis.publish_qg.sentence	Add a new {task} task to publish SonarQube's Quality Gate results on your build pipeline summary	Fügen Sie eine neue {Aufgabe} Aufgabe Sonarqube des Quality Gate Ergebnisse auf Ihrer Build-Pipeline Zusammenfassung zu veröffentlichen
onboarding.tutorial.with.azure_pipelines.BranchAnalysis.publish_qg.info.sentence1	This task may increase your build time as your pipeline will have to wait for SonarQube to process the analysis report. It is highly recommended but optional.	Diese Aufgabe kann Ihre Build-Zeit erhöhen, wie Sie Ihre Pipeline wird warten müssen für Sonarqube den Analysebericht zu verarbeiten. Es wird dringend empfohlen, ist aber optional.
onboarding.tutorial.with.azure_pipelines.BranchAnalysis.publish_qg.sentence.task	Publish Quality Gate Result	Veröffentlichen Quality Gate Ergebnis
onboarding.tutorial.with.azure_pipelines.BranchAnalysis.continous_integration.sentence	Under the {tab} tab of your pipeline, check {continuous_integration} and select all the branches for which you want the SonarQube analysis to run automatically	Unter der {tab} Registerkarte Ihrer Pipeline, Scheck {continuous_integration} und wählen Sie alle Zweige, für die Sie die Sonarqube Analyse automatisch ausgeführt
onboarding.tutorial.with.azure_pipelines.BranchAnalysis.continous_integration.sentence.tab	Triggers	Löst aus
onboarding.tutorial.with.azure_pipelines.BranchAnalysis.continous_integration.sentence.continuous_integration	Enable continuous integration	Aktivieren Sie die kontinuierliche Integration
onboarding.tutorial.with.azure_pipelines.BranchAnalysis.continous_integration.no_branches.sentence	Under the {tab} tab of your pipeline, check {continuous_integration} and select the main branch	Unter der {tab} Registerkarte Ihrer Pipeline, Scheck {continuous_integration} und den Hauptzweig wählen
onboarding.tutorial.with.azure_pipelines.BranchAnalysis.continous_integration.no_branches.sentence.tab	Triggers	Löst aus
onboarding.tutorial.with.azure_pipelines.BranchAnalysis.continous_integration.no_branches.sentence.continuous_integration	Enable continuous integration	Aktivieren Sie die kontinuierliche Integration
onboarding.tutorial.with.azure_pipelines.BranchAnalysis.branch_protection	To make sure your Pull Requests are analyzed automatically and aren't merged when they're failing their quality gate, check out the {link}.	Um sicherzustellen, dass Ihre Pull Requests werden automatisch analysiert und werden nicht zusammengeführt, wenn sie sich nicht an ihre Qualität Tor Besuche die {link}.
onboarding.tutorial.with.azure_pipelines.BranchAnalysis.branch_protection.link	documentation	Dokumentation
onboarding.tutorial.with.azure_pipelines.SaveAndRun.title	Save and run your pipeline	Speichern und führen Sie Ihre Pipeline
onboarding.tutorial.with.azure_pipelines.SaveAndRun.commit	Save your pipeline and push your code to start the analysis	Speichern Sie Ihre Pipeline und schieben Sie Ihren Code, um die Analyse zu starten
onboarding.tutorial.with.azure_pipelines.SaveAndRun.commit.why	Each new push you make on your branches will trigger a new analysis in SonarQube	Jeder neue Push Sie auf Ihre Filialen machen eine neue Analyse in Sonarqube auslösen
onboarding.tutorial.with.azure_pipelines.SaveAndRun.refresh	This page will then refresh with your analysis results	Diese Seite wird dann aktualisieren mit Ihren Analyseergebnissen
onboarding.tutorial.with.azure_pipelines.SaveAndRun.refresh.why	If this page doesn't refresh after a while, please double-check your pipeline configuration	Wenn diese Seite nicht nach einer gewissen Zeit nicht aktualisieren, Prüfe Ihre Pipeline-Konfiguration
onboarding.tutorial.with.azure_pipelines.SaveAndRun.then	{what} Checkout our {link} to make sure SonarQube analyze and decorate all of your Pull Requests	{Was} Kasse {link}, um sicherzustellen, Sonarqube analysieren und alle Ihre Pull Requests dekorieren
onboarding.tutorial.with.azure_pipelines.SaveAndRun.then.what	Then what?	Dann was?
onboarding.tutorial.with.azure_pipelines.SaveAndRun.then.link	Azure integration documentation	Azure Integration Dokumentation
#------------------------------------------------------------------------------		
#		
# BRANCHES		
#		
#------------------------------------------------------------------------------		
branches.main_branch	Main Branch	Main Branch
branches.see_the_pr	See the PR	Siehe die PR
		
#------------------------------------------------------------------------------		
#		
# BRANCH-LIKE NAVIGATION		
#		
#------------------------------------------------------------------------------		
branch_like_navigation.manage	Manage branches and Pull Requests	Verwalten Niederlassungen und Pull Requests
branch_like_navigation.search_for_branch_like	Search for branches or Pull Requests...	Suchen Sie nach Filialen oder Pull Requests ...
branch_like_navigation.pull_requests	Pull Requests	Pull Requests
branch_like_navigation.orphan_pull_requests	Orphan Pull Requests	Orphan Pull Requests
branch_like_navigation.orphan_pull_requests.tooltip	When the base of a Pull Request is deleted, this Pull Request becomes orphan.	Wenn die Basis eines Pull-Request gelöscht wird, wird die Pull-Request Waise.
branch_like_navigation.for_merge_into_x_from_y	for merge into {target} from {branch}	für merge in {Ziel} von {} Zweig
branch_like_navigation.no_branch_support.title	Get the most out of SonarQube with branch and PR/MR analysis	Holen Sie sich das Beste aus Sonarqube mit Zweig und PR / MR-Analyse
branch_like_navigation.no_branch_support.title.pr	Get the most out of SonarQube with branch and PR analysis	Holen Sie sich das Beste aus Sonarqube mit Zweig und PR-Analyse
branch_like_navigation.no_branch_support.title.mr	Get the most out of SonarQube with branch and MR analysis	Holen Sie sich das Beste aus Sonarqube mit Zweig und MR-Analyse
branch_like_navigation.no_branch_support.content	With Developer Edition you can analyze every pull/merge request. You can also watch the quality of your release branches by analyzing each one individually in SonarQube.	Mit Developer Edition können Sie jede Zug- / Merge Anfrage analysieren. Sie können auch die Qualität Ihrer Release Filialen beobachten durch diese einzeln in Sonarqube zu analysieren.
branch_like_navigation.no_branch_support.content_x.pr	With Developer Edition you can analyze every pull request and get the results in {0}. You can also watch the quality of your release branches by analyzing each one individually in SonarQube.	Mit Developer Edition können Sie jede Pull-Anforderung analysieren und die Ergebnisse in {0} erhalten. Sie können auch die Qualität Ihrer Release Filialen beobachten durch diese einzeln in Sonarqube zu analysieren.
branch_like_navigation.no_branch_support.content_x.mr	With Developer Edition you can analyze every merge request and get the results in {0}. You can also watch the quality of your release branches by analyzing each one individually in SonarQube.	Mit Developer Edition können Sie jede merge Anfrage analysieren und die Ergebnisse in {0} erhalten. Sie können auch die Qualität Ihrer Release Filialen beobachten durch diese einzeln in Sonarqube zu analysieren.
branch_like_navigation.only_one_branch.title	Learn how to analyze branches in SonarQube	Erfahren Sie, wie analysieren Niederlassungen in Sonarqube
branch_like_navigation.only_one_branch.content	Quickly setup branch analysis and get separate insights for each of your branches and Pull Requests.	Schnell-Setup Zweiganalyse und erhalten getrennte Erkenntnisse für jede Ihrer Filialen und Pull Requests.
branch_like_navigation.only_one_branch.documentation	Branches documentation	Branchen-Dokumentation
branch_like_navigation.only_one_branch.pr_analysis	Pull Request analysis	Pull-Request-Analyse
branch_like_navigation.tutorial_for_ci	Show me how to set up my CI	Zeig mir, wie mein CI einrichten
		
#------------------------------------------------------------------------------		
#		
# PORTFOLIOS		
#		
#------------------------------------------------------------------------------		
portfolio.has_always_been_x	has always been {rating}	immer {rating} hat
portfolio.was_x_y	was {rating} {date}	wurde {rating} {date}
portfolio.x_in_y	{projects} in {rating}	{} Projekte in {rating}
portfolio.has_qg_status	Has Quality Gate Status	Hat Quality Gate-Status
portfolio.have_qg_status	Have Quality Gate Status	Haben Quality Gate-Status
portfolio.empty	This portfolio is empty.	Dieses Portfolio ist leer.
portfolio.no_lines_of_code	All projects in this portfolio are empty	Alle Projekte in diesem Portfolio sind leer
portfolio.not_computed	This portfolio is not yet computed.	Dieses Portfolio ist noch nicht berechnet.
portfolio.app.empty	This application is empty.	Diese Anwendung ist leer.
portfolio.app.no_lines_of_code	All projects in this application are empty	Alle Projekte in dieser Anwendung sind leer
portfolio.metric_trend	Metric trend	Metric Trend
portfolio.lowest_rated_projects	Lowest rated projects	Niedrigste bewertete Projekte
portfolio.health_factors	Portfolio health factors	Portfolio Gesundheitsfaktoren
portfolio.activity_link	Activity	Aktivität
portfolio.measures_link	Measures	Maße
portfolio.language_breakdown_link	Language breakdown	Sprache Aufschlüsselung
portfolio.breakdown	Portfolio breakdown	Portfoliozusammensetzung
portfolio.pdf_report	Portfolio PDF Report	Portfolio PDF Report
portfolio.number_of_projects	Number of projects	Anzahl der Projekte
portfolio.number_of_lines	Number of lines of code	Anzahl der Codezeilen
		
portfolio.metric_domain.vulnerabilities	Security Vulnerabilities	Sicherheitslücken
portfolio.metric_domain.security_hotspots	Security Review	Security Review
		
#------------------------------------------------------------------------------		
#		
# METRIC DOMAINS HELP TEXT		
#		
#------------------------------------------------------------------------------		
		
portfolio.metric_domain.releasability.help	Ratio of projects in the Portfolio that have passed the Quality Gate.	Verhältnis von Projekten im Portfolio, die das Quality Gate bestanden haben.
portfolio.metric_domain.reliability.help	Average Reliability rating for all projects in the portfolio.	Durchschnittliche Zuverlässigkeit Bewertung für alle Projekte im Portfolio.
portfolio.metric_domain.vulnerabilities.help	Average security rating for all projects in the portfolio.	Durchschnittliche Sicherheitsbewertung für alle Projekte im Portfolio.
portfolio.metric_domain.security_hotspots.help	Average security review rating for all projects in the portfolio.	Durchschnittliche Sicherheitsüberprüfung Bewertung für alle Projekte im Portfolio.
portfolio.metric_domain.maintainability.help	Average maintainability rating for all projects in the portfolio.	Durchschnittliche Bewertung Wartbarkeit für alle Projekte im Portfolio.
		
#------------------------------------------------------------------------------		
#		
# ENCRYPTION		
#		
#------------------------------------------------------------------------------		
encryption.form_intro	Secret key is registered. You can encrypt any property value with the following form:	Geheime Schlüssel registriert ist. Sie können mit dem folgenden Formular eine beliebige Eigenschaft Wert verschlüsseln:
encryption.form_note	Note that the secret key can be changed, but all the encrypted properties will have to be updated. {moreInformationLink}	Beachten Sie, dass der geheime Schlüssel kann geändert werden, aber alle die verschlüsselten Eigenschaften müssen aktualisiert werden. {MoreInformationLink}
encryption.encrypted_value	Encrypted Value:	Verschlüsselte Wert:
encryption.generate_secret_key	Generate Secret Key	Generieren Secret Key
encryption.generate_new_secret_key	Generate New Secret Key	Neuer Secret Key
encryption.encrypt	Encrypt	Verschlüsseln
encryption.secret_key_description	Secret key is required to be able to encrypt properties. {moreInformationLink}	Geheimschlüssel ist erforderlich, um zu verschlüsseln Eigenschaften der Lage sein. {MoreInformationLink}
encryption.secret_key	Secret Key	Geheimer Schlüssel
encryption.how_to_use	How To Use	Wie benutzt man
encryption.how_to_use.content1	Store the secret key in the file {secret_file} of the server. This file can be relocated by defining the property {property} in {propreties_file}	Bewahren Sie den geheimen Schlüssel in der Datei {secret_file} des Servers. Diese Datei kann durch die Definition der Eigenschaft {Eigenschaft} verschoben werden in {} propreties_file
encryption.how_to_use.content2	Restrict access to this file by making it readable and by owner only	Beschränken Sie den Zugriff auf diese Datei durch lesbar und vom Eigentümer machen nur
encryption.how_to_use.content3	Restart the server if the property {property} has been set or changed.	Starten Sie den Server, wenn die Eigenschaft {Eigenschaft} eingestellt oder geändert.
encryption.how_to_use.content4	For each property that you want to encrypt, generate the encrypted value and replace the original value wherever it is stored (configuration files, command lines).	Für jede Eigenschaft, die Sie verschlüsseln möchten, erzeugen den verschlüsselten Wert und den ursprünglichen Wert ersetzen, wo immer sie gespeichert ist (Konfigurationsdateien, Befehlszeilen).
		
#------------------------------------------------------------------------------		
#		
# CUSTOM METRICS		
#		
#------------------------------------------------------------------------------		
custom_metrics.page	Custom Metrics	benutzerdefinierte Metrics
custom_metrics.deprecated	Custom metrics are deprecated and will be removed soon.	Benutzerdefinierte Messwerte sind veraltet und wird in Kürze entfernt werden.
custom_metrics.page.description	These metrics are available for all projects. Manual measures can be set at project level via the configuration interface.	Diese Kennzahlen sind für alle Projekte zur Verfügung. Manuelle Maßnahmen können auf Projektebene über die Konfigurationsoberfläche eingestellt werden.
custom_metrics.delete_metric	Delete Metric	Löschen Metric
custom_metrics.delete_metric.confirmation	Are you sure you want to delete metric "{0}"?	Sind Sie sicher, Sie metric „{0}“ löschen?
custom_metrics.update_metric	Update Metric	Update Metric
custom_metrics.create_metric	Create Metric	erstellen Sie Metric
custom_metrics.domain	Domain	Domain
		
		
#------------------------------------------------------------------------------		
#		
# USERS		
#		
#------------------------------------------------------------------------------		
users.page	Users	Benutzer
users.page.description	Create and administer individual users.	Erstellen und einzelne Benutzer verwalten.
users.deactivate	Deactivate	Deaktivieren
users.deactivate_user	Deactivate User	deaktivieren Benutzer
users.deactivate_user.confirmation	Are you sure you want to deactivate "{0} ({1})"?	Sind Sie sicher, Sie deaktivieren möchten "{0} ({1})"?
users.create_user	Create User	Benutzer erstellen
users.update_user	Update User	Update User
users.cannot_update_delegated_user	You cannot update the name and email of this user, as it is controlled by an external identity provider.	Sie können nicht den Namen aktualisieren und eine E-Mail dieses Benutzers, wie es von einem externen Identity-Provider gesteuert wird.
users.minimum_x_characters	Minimum {0} characters	Minimum {0} Zeichen
users.email	Email	Email
users.last_connection	Last connection	Letzter
users.update_groups	Update Groups	Verbuchungsgruppen
users.update_tokens	Update Tokens	Update Tokens
users.add	Add user	Nutzer hinzufügen
users.remove	Remove user	Nutzer entfernen
users.search_description	Search users by login or name	Suche Benutzer nach Anmeldung oder Name
users.update	Update users	Update Benutzer
users.tokens	Tokens	Tokens
users.user_X_tokens	Tokens of {user}	Tokens von {user}
users.tokens.sure	Sure?	Sicher?
users.tokens.sure_X	Are you sure you want to revoke token {token}?	Sind Sie sicher, dass Sie Token {Token} widerrufen wollen?
users.tokens.revoke	Revoke	Widerrufen
users.tokens.revoke_token	Revoke token	revoke Token
users.no_tokens	No tokens	keine Token
users.generate	Generate	Generieren
users.generate_tokens	Generate Tokens	generieren Sie Tokens
users.enter_token_name	Enter Token Name	Geben Sie Tokenname
users.tokens.new_token_created	New token "{0}" has been created. Make sure you copy it now, you won't be able to see it again!	Neue Token "{0}" erstellt wurde. Stellen Sie sicher, dass Sie es jetzt kopieren, werden Sie nicht in der Lage sein, es wieder zu sehen!
users.generate_new_token	Generate New Token	Erstellen eines neuen Token
users.change_admin_password.instance_is_at_risk	Secure your SonarQube instance	Sichern Sie Ihre Sonarqube Instanz
users.change_admin_password.header	Default Administrator credentials are still used	Standard-Administrator-Anmeldeinformationen werden weiterhin verwendet
users.change_admin_password.description	Your SonarQube instance is still using default administrator credentials. You must change the password for the 'admin' account to secure your SonarQube instance.	Ihre Sonarqube Instanz wird immer noch mit Standard-Administrator-Anmeldeinformationen. Sie müssen das Kennwort für das ‚admin‘ Konto ändern Ihre Sonarqube Instanz zu sichern.
users.change_admin_password.form.header	Change the password for user 'admin'	Ändern Sie das Passwort für den Benutzer ‚admin‘
users.change_admin_password.form.password	New password for user 'admin'	Neues Passwort für den Benutzer ‚admin‘
users.change_admin_password.form.confirm	Confirm password for user 'admin'	Bestätigen Sie das Kennwort für Benutzer ‚admin‘
users.change_admin_password.form.cannot_use_default_password	You must choose a password that is different from the default password.	Sie müssen ein Passwort wählen, das aus dem Standard-Passwort unterscheidet.
users.change_admin_password.form.success	The admin user's password was successfully changed.	Das Passwort des Admin-Benutzer wurde erfolgreich geändert.
users.change_admin_password.form.continue_to_app	Continue to SonarQube	Weiter zu Sonarqube
		
#------------------------------------------------------------------------------		
#		
# GROUPS		
#		
#------------------------------------------------------------------------------		
user_groups.page	Groups	Gruppen
user_groups.page.description	Create and administer groups of users.	Erstellen und Verwalten von Benutzergruppen.
user_groups.anyone.description	Anybody (authenticated or not) who browses the application belongs to this group	Jeder (authentifiziert oder nicht), die die Anwendung navigiert gehört zu dieser Gruppe
groups.delete_group	Delete Group	Gruppe löschen
groups.delete_group.confirmation	Are you sure you want to delete "{0}"?	Sind Sie sicher, dass Sie löschen möchten „{0}“?
groups.create_group	Create Group	Gruppe erstellen
groups.update_group	Update Group	Update-Gruppe
groups.anyone	Anyone	Jemand
		
		
#------------------------------------------------------------------------------		
#		
# MAINTENANCE		
#		
#------------------------------------------------------------------------------		
maintenance.page	Maintenance	Instandhaltung
maintenance.upgrade_failed	Upgrade Failed	Upgrade fehlgeschlagen
maintenance.upgrade_failed.text	Database connection cannot be established. Please check database status and JDBC settings.	Datenbank-Verbindung kann nicht hergestellt werden. Bitte überprüfen Datenbankstatus und JDBC-Einstellungen.
maintenance.migration_not_supported	Migration not supported	Migration nicht unterstützt
maintenance.migration_not_supported.text	Migration is not supported on embedded databases.	Die Migration wird nicht auf Embedded-Datenbanken unterstützt.
maintenance.upgrade_database	Upgrade Database	Upgrade einer Datenbank
maintenance.upgrade_database.1	The database upgrade can take several minutes.	Das Datenbank-Upgrade kann mehrere Minuten dauern.
maintenance.upgrade_database.2	It is mandatory to back up database before upgrading.	Es ist zwingend notwendig Datenbank vor dem Upgrade zu sichern.
maintenance.upgrade_database.3	Make sure you have followed the steps from the SonarQube Upgrade guide.	Stellen Sie sicher, dass Sie die Schritte aus dem Sonarqube Hochrüstanleitung gefolgt.
maintenance.upgrade	Upgrade	Aktualisierung
maintenance.database_migration	Database Migration	Datenbank-Migration
maintenance.database_is_up_to_date	Database is up-to-date	Datenbank ist up-to-date
maintenance.is_down	{instance} is down	{Instance} ist nach unten
maintenance.sonarqube_is_down.text	Something went wrong. Please contact your system administrator.	Etwas ist schief gelaufen. Bitte kontaktieren Sie Ihren Systemadministrator.
maintenance.try_again	Try Again	Versuch es noch einmal
maintenance.is_under_maintenance	{instance} is under maintenance	{Instance} unter Wartung
maintenance.sonarqube_is_under_maintenance.1	While waiting, you might want to investigate {link} to extend the current functionality.	Während des Wartens, können Sie {link} untersuchen, die aktuelle Funktionalität zu erweitern.
maintenance.sonarqube_is_under_maintenance_link.1	new plugins	neuer Plugins
maintenance.sonarqube_is_under_maintenance.2	If you are an administrator and have no idea why this message is being shown, you should read the {link}.	Wenn Sie ein Administrator sind und haben keine Ahnung, warum diese Meldung angezeigt wird, sollten Sie die {link} lesen.
maintenance.sonarqube_is_under_maintenance_link.2	upgrade guide	Upgrade-Anleitung
maintenance.is_starting	{instance} is starting	{Instance} beginnt,
maintenance.is_up	{instance} is up	{Instance} ist nach oben
maintenance.all_systems_opetational	All systems operational.	Alle Systeme in Betrieb genommen.
maintenance.is_offline	{instance} is offline	{Instance} ist offline
maintenance.sonarqube_is_offline.text	The connection to SonarQube is lost. Please contact your system administrator.	Die Verbindung zu Sonarqube verloren. Bitte kontaktieren Sie Ihren Systemadministrator.
		
#------------------------------------------------------------------------------		
#		
# INDEXATION		
#		
#------------------------------------------------------------------------------		
indexation.in_progress	SonarQube is reloading project data. Some projects will be unavailable until this process is complete.	Sonarqube nachlädt Projektdaten. Einige Projekte werden nicht zur Verfügung stehen, bis dieser Vorgang abgeschlossen ist.
indexation.progression	{0}% complete.	{0}% abgeschlossen.
indexation.progression_with_error	{0}% complete with some {link}.	{0}% abgeschlossen mit einigen {link}.
indexation.progression_with_error.link	tasks failing	Aufgaben versagt
indexation.completed	All project data has been reloaded.	Alle Projektdaten neu geladen wurde.
indexation.completed_with_error	SonarQube completed the reload of project data. Some {link} causing some projects to remain unavailable.	Sonarqube abgeschlossen den Reload von Projektdaten. Einige {link} einige Projekte verursacht nicht verfügbar bleiben.
indexation.completed_with_error.link	tasks failed	Aufgaben gescheitert
indexation.admin_link	See {link} for more information.	Siehe {link} für weitere Informationen.
indexation.page_unavailable.title.issues	Issues page is temporarily unavailable	Probleme Seite ist vorübergehend nicht erreichbar
indexation.page_unavailable.title.portfolios	Portfolios page is temporarily unavailable	Portfolios Seite ist vorübergehend nicht erreichbar
indexation.page_unavailable.title	{componentQualifier} {componentName} is temporarily unavailable	{ComponentQualifier} {} component ist vorübergehend nicht erreichbar
indexation.page_unavailable.description	This page will be available after the data is reloaded. This might take a while depending on the amount of projects and issues in your SonarQube instance.	Diese Seite wird zur Verfügung steht, nachdem die Daten neu geladen werden. Dies könnte eine Weile in Abhängigkeit von der Menge der Projekte übernehmen und Probleme in Ihrer Sonarqube Instanz.
indexation.page_unavailable.description.additional_information	You can keep analyzing your projects during this process.	Sie können halten während dieses Prozesses Ihre Projekte zu analysieren.
		
		
#------------------------------------------------------------------------------		
#		
# HOMEPAGE		
#		
#------------------------------------------------------------------------------		
homepage.current	This page is your homepage. Click to revert to the default homepage. Click on the top-left logo to find it anytime.	Diese Seite ist die Startseite. Klicken Sie auf die Standard-Homepage zurückzukehren. Klicken Sie auf das oben links Logo, um es jederzeit zu finden.
homepage.current.is_default	This page is your homepage. Click on the top-left logo to find it anytime.	Diese Seite ist die Startseite. Klicken Sie auf das oben links Logo, um es jederzeit zu finden.
homepage.check	Click to make the current page your homepage.	Klicken Sie auf die aktuelle Seite Ihrer Homepage zu machen.
		
		
		
#------------------------------------------------------------------------------		
#		
# FAVORITE		
#		
#------------------------------------------------------------------------------		
favorite.action.add	Add project to favorites	Project Zu den Favoriten
favorite.action.remove	Remove project from favorites	Entfernen Projekt von Favoriten
favorite.check.TRK	Click to mark this project as favorite.	Klicken Sie auf dieses Projekt als Favorit zu markieren.
favorite.check.VW	Click to mark this portfolio as favorite.	Klicken Sie auf dieses Portfolio als Favorit zu markieren.
favorite.check.SVW	Click to mark this sub-ortfolio as favorite.	Klicken Sie auf diesen Unter ortfolio als Favorit zu markieren.
favorite.check.APP	Click to mark this application as favorite.	Klicken Sie auf diese Anwendung als Favorit zu markieren.
favorite.check.FIL	Click to mark this file as favorite.	Klicken Sie auf diese Datei als Favoriten zu markieren.
favorite.check.UTS	Click to mark this test file as favorite.	Klicken Sie auf diese Testdatei als Favorit zu markieren.
		
favorite.current.TRK	This project is marked as favorite.	Dieses Projekt wird als Favorit markiert.
favorite.current.VW	This portfolio is marked as favorite.	Dieses Portfolio wird als Favorit markiert.
favorite.current.SVW	This sub-ortfolio is marked as favorite.	Dieser Teil ortfolio als Favorit markiert.
favorite.current.APP	This application is marked as favorite.	Diese Anwendung wird als Favorit markiert.
favorite.current.FIL	This file is marked as favorite.	Diese Datei wird als Favorit markiert.
favorite.current.UTS	This test file is marked as favorite.	Diese Testdatei wird als Favorit markiert.
		
		
		
#------------------------------------------------------------------------------		
#		
# WEBHOOKS		
#		
#------------------------------------------------------------------------------		
webhooks.page	Webhooks	Webhooks
webhooks.create	Create Webhook	erstellen Webhook
webhooks.delete	Delete Webhook	Löschen Webhook
webhooks.delete.confirm	Are you sure you want to delete the webhook "{0}"?	Sind Sie sicher, dass Sie die Webhook „{0}“ löschen?
webhooks.description	Webhooks are used to notify external services when a project analysis is done. An HTTP POST request including a JSON payload is sent to each of the provided URLs. Learn more in the {url}.	Webhooks werden verwendet, um externe Dienste zu benachrichtigen, wenn eine Projektanalyse durchgeführt wird. Eine HTTP-POST-Anforderung einschließlich einer JSON Nutzlast wird auf jedem der URLs bereitgestellt gesendet. Erfahren Sie mehr in der {url}.
webhooks.deliveries.show	Show recent deliveries	Zeige den letzten Lieferungen
webhooks.deliveries_for_x	Recent deliveries of {0}	Aktuelle Lieferungen {0}
webhooks.delivery.duration_x	Duration: {0}	Dauer: {0}
webhooks.delivery.payload	Payload:	Nutzlast:
webhooks.delivery.response_x	Response: {0}	Antwort: {0}
webhooks.delivery.server_unreachable	Server Unreachable	Server nicht erreichbar
webhooks.documentation_link	Webhooks documentation	Webhooks Dokumentation
webhooks.last_execution	Last delivery	Letzte Lieferung
webhooks.last_execution.none	Never	noch nie
webhooks.latest_delivery_for_x	Last delivery of {0}	Letzte Lieferung von {0}
webhooks.maximum_reached	You reached your maximum number of {0} webhooks. You can still update or delete an existing one.	Sie erreicht die maximale Anzahl von {0} webhooks. Sie können nach wie vor eine vorhandene aktualisieren oder löschen.
webhooks.name	Name	Name
webhooks.name.required	Name is required.	Name ist erforderlich.
webhooks.no_result	No webhook defined.	Keine Webhook definiert.
webhooks.update	Update Webhook	Update Webhook
webhooks.secret	Secret	Geheimnis
webhooks.secret_header	Secret?	Geheimnis?
webhooks.secret.bad_format	Secret must have a maximum length of 200 characters	Secret muss eine maximale Länge von 200 Zeichen haben
webhooks.secret.description	If provided, secret will be used as the key to generate the HMAC hex (lowercase) digest value in the 'X-Sonar-Webhook-HMAC-SHA256' header	Falls vorhanden, wird geheim als Schlüssel verwendet werden, um den HMAC hex (Kleinbuchstabe) Digest-Wert in dem 'X-Sonar-Webhook-HMAC-SHA256' Header zu erzeugen,
webhooks.url	URL	URL
webhooks.url.bad_format	Bad format of URL.	Bad Format der URL.
webhooks.url.bad_protocol	URL must start with "http://" or "https://".	URL muss beginnen mit "http: //" oder "https: //".
webhooks.url.description	Server endpoint that will receive the webhook payload, for example: "http://my_server/foo". If HTTP Basic authentication is used, HTTPS is recommended to avoid man in the middle attacks. Example: "https://myLogin:myPassword@my_server/foo"	Server-Endpunkt, die Webhook Nutzlast, zum Beispiel bekommt: "http: // my_server / foo". Wenn HTTP-Basic-Authentifizierung verwendet wird, HTTPS zu vermeiden ist man in the middle Angriffe empfohlen. Beispiel: "https: // myLogin: myPassword @ my_server / foo"
webhooks.url.required	URL is required.	URL ist erforderlich.